-0.999956 0.999999 -0.582822
-0.999957 0.999999 -0.582823
-0.999958 0.999999 -0.582824
-0.999959 0.999999 -0.582825
-0.999960 0.999999 -0.582826
-0.999960 0.999999 -0.582827
-0.999961 0.999999 -0.582828
-0.999962 0.999999 -0.582829
-0.999963 0.999999 -0.582830
-0.999964 0.999999 -0.582831
-0.999965 1.000000 -0.582832
-0.999966 1.000000 -0.582833
-0.999967 1.000000 -0.582834
-0.999967 1.000000 -0.582835
-0.999968 1.000000 -0.582836
-0.999969 1.000000 -0.582837
-0.999970 1.000000 -0.582838
-0.999971 1.000000 -0.582839
-0.999972 1.000000 -0.582840
-0.999973 1.000000 -0.582841
-0.999974 1.000000 -0.582842
-0.999974 1.000000 -0.582843
-0.999975 1.000000 -0.582844
-0.999976 1.000000 -0.582845
-0.999977 1.000000 -0.582846
-0.999978 1.000000 -0.582847
-0.999979 1.000000 -0.582848
-0.999980 1.000000 -0.582849
-0.999981 1.000000 -0.582850
-0.999982 1.000000 -0.582851
-0.999982 1.000000 -0.582852
-0.999983 1.000000 -0.582853
-0.999984 1.000000 -0.582854
-0.999985 1.000000 -0.582855
-0.999986 1.000000 -0.582856
-0.999987 1.000000 -0.582857
-0.999988 1.000000 -0.582858
-0.999989 1.000000 -0.582859
-0.999989 1.000000 -0.582860
-0.999990 1.000000 -0.582861
-0.999991 1.000000 -0.582862
-0.999992 1.000000 -0.582863
-0.999993 1.000000 -0.582864
-0.999994 1.000000 -0.582865
-0.999995 1.000000 -0.582866
-0.999996 1.000000 -0.582867
-0.999996 1.000000 -0.582868
-0.999997 1.000000 -0.582869
-0.999998 1.000000 -0.582870
-0.999999 1.000000 -0.582871
-1.000000 1.000000 -0.582872
-0.997295 0.966970 -0.619298
-0.996231 0.966936 -0.618050
-0.995167 0.966903 -0.616803
-0.994103 0.966871 -0.615555
-0.993039 0.966839 -0.614308
-0.991975 0.966808 -0.613060
-0.990911 0.966778 -0.611813
-0.989847 0.966748 -0.610565
-0.988783 0.966719 -0.609318
-0.987719 0.966690 -0.608070
-0.986655 0.966662 -0.606823
-0.985591 0.966634 -0.605575
-0.984527 0.966608 -0.604328
-0.983463 0.966581 -0.603080
-0.982399 0.966556 -0.601833
-0.981335 0.966531 -0.600585
-0.980271 0.966506 -0.599338
-0.979207 0.966483 -0.598090
-0.978143 0.966459 -0.596843
-0.977079 0.966437 -0.595595
-0.976015 0.966415 -0.594348
-0.974951 0.966393 -0.593100
-0.973887 0.966373 -0.591853
-0.972823 0.966353 -0.590605
-0.971759 0.966333 -0.589358
-0.970695 0.966314 -0.588110
-0.969631 0.966296 -0.586863
-0.968567 0.966278 -0.585615
-0.967503 0.966261 -0.584368
-0.966439 0.966244 -0.583120
-0.965375 0.966229 -0.581873
-0.964311 0.966213 -0.580625
-0.963247 0.966199 -0.579378
-0.962183 0.966185 -0.578130
-0.961119 0.966171 -0.576883
-0.960055 0.966158 -0.575635
-0.958991 0.966146 -0.574388
-0.957927 0.966135 -0.573140
-0.956863 0.966124 -0.571893
-0.955799 0.966113 -0.570645
-0.954735 0.966103 -0.569398
-0.953671 0.966094 -0.568150
-0.952607 0.966086 -0.566903
-0.951543 0.966078 -0.565655
-0.950479 0.966070 -0.564408
-0.949415 0.966064 -0.563160
-0.948351 0.966057 -0.561913
-0.947287 0.966052 -0.560665
-0.946223 0.966047 -0.559418
-0.945159 0.966043 -0.558170
-0.944095 0.966039 -0.556923
-0.989838 0.934398 -0.652589
-0.987837 0.934298 -0.650158
-0.985837 0.934200 -0.647728
-0.983837 0.934105 -0.645298
-0.981836 0.934013 -0.642867
-0.979836 0.933922 -0.640437
-0.977835 0.933835 -0.638007
-0.975835 0.933749 -0.635576
-0.973835 0.933666 -0.633146
-0.971834 0.933585 -0.630716
-0.969834 0.933507 -0.628285
-0.967834 0.933431 -0.625855
-0.965833 0.933357 -0.623425
-0.963833 0.933286 -0.620994
-0.961833 0.933217 -0.618564
-0.959832 0.933151 -0.616134
-0.957832 0.933087 -0.613703
-0.955831 0.933026 -0.611273
-0.953831 0.932966 -0.608843
-0.951831 0.932910 -0.606413
-0.949830 0.932855 -0.603982
-0.947830 0.932803 -0.601552
-0.945830 0.932753 -0.599122
-0.943829 0.932706 -0.596691
-0.941829 0.932661 -0.594261
-0.939829 0.932619 -0.591831
-0.937828 0.932579 -0.589400
-0.935828 0.932541 -0.586970
-0.933827 0.932506 -0.584540
-0.931827 0.932473 -0.582109
-0.929827 0.932443 -0.579679
-0.927826 0.932414 -0.577249
-0.925826 0.932389 -0.574818
-0.923826 0.932366 -0.572388
-0.921825 0.932345 -0.569958
-0.919825 0.932326 -0.567527
-0.917824 0.932310 -0.565097
-0.915824 0.932296 -0.562667
-0.913824 0.932285 -0.560237
-0.911823 0.932276 -0.557806
-0.909823 0.932270 -0.555376
-0.907823 0.932266 -0.552946
-0.905822 0.932264 -0.550515
-0.903822 0.932265 -0.548085
-0.901822 0.932268 -0.545655
-0.899821 0.932273 -0.543224
-0.897821 0.932281 -0.540794
-0.895820 0.932291 -0.538364
-0.893820 0.932304 -0.535933
-0.891820 0.932319 -0.533503
-0.889819 0.932337 -0.531073
-0.978238 0.902225 -0.683160
-0.975417 0.902028 -0.679603
-0.972595 0.901838 -0.676047
-0.969774 0.901652 -0.672490
-0.966953 0.901472 -0.668934
-0.964131 0.901297 -0.665377
-0.961310 0.901127 -0.661821
-0.958489 0.900963 -0.658264
-0.955667 0.900804 -0.654707
-0.952846 0.900650 -0.651151
-0.950025 0.900502 -0.647594
-0.947203 0.900358 -0.644038
-0.944382 0.900220 -0.640481
-0.941561 0.900088 -0.636925
-0.938739 0.899960 -0.633368
-0.935918 0.899838 -0.629811
-0.933097 0.899722 -0.626255
-0.930275 0.899610 -0.622698
-0.927454 0.899504 -0.619142
-0.924633 0.899403 -0.615585
-0.921811 0.899308 -0.612029
-0.918990 0.899218 -0.608472
-0.916169 0.899133 -0.604916
-0.913347 0.899053 -0.601359
-0.910526 0.898979 -0.597802
-0.907705 0.898910 -0.594246
-0.904883 0.898847 -0.590689
-0.902062 0.898788 -0.587133
-0.899241 0.898735 -0.583576
-0.896419 0.898688 -0.580020
-0.893598 0.898645 -0.576463
-0.890776 0.898608 -0.572906
-0.887955 0.898577 -0.569350
-0.885134 0.898550 -0.565793
-0.882312 0.898529 -0.562237
-0.879491 0.898514 -0.558680
-0.876670 0.898503 -0.555124
-0.873848 0.898498 -0.551567
-0.871027 0.898499 -0.548010
-0.868206 0.898504 -0.544454
-0.865384 0.898515 -0.540897
-0.862563 0.898532 -0.537341
-0.859742 0.898553 -0.533784
-0.856920 0.898580 -0.530228
-0.854099 0.898613 -0.526671
-0.851278 0.898650 -0.523114
-0.848456 0.898693 -0.519558
-0.845635 0.898741 -0.516001
-0.842814 0.898795 -0.512445
-0.839992 0.898854 -0.508888
-0.837171 0.898918 -0.505332
-0.963008 0.870411 -0.711363
-0.959470 0.870091 -0.706730
-0.955933 0.869780 -0.702097
-0.952396 0.869478 -0.697464
-0.948859 0.869185 -0.692831
-0.945322 0.868901 -0.688198
-0.941785 0.868627 -0.683565
-0.938247 0.868362 -0.678931
-0.934710 0.868106 -0.674298
-0.931173 0.867860 -0.669665
-0.927636 0.867623 -0.665032
-0.924099 0.867395 -0.660399
-0.920561 0.867177 -0.655766
-0.917024 0.866967 -0.651133
-0.913487 0.866767 -0.646500
-0.909950 0.866577 -0.641867
-0.906413 0.866396 -0.637234
-0.902876 0.866224 -0.632601
-0.899338 0.866061 -0.627968
-0.895801 0.865908 -0.623335
-0.892264 0.865764 -0.618702
-0.888727 0.865630 -0.614069
-0.885190 0.865505 -0.609436
-0.881653 0.865389 -0.604803
-0.878115 0.865283 -0.600170
-0.874578 0.865186 -0.595537
-0.871041 0.865098 -0.590904
-0.867504 0.865020 -0.586271
-0.863967 0.864951 -0.581638
-0.860430 0.864892 -0.577004
-0.856892 0.864842 -0.572371
-0.853355 0.864801 -0.567738
-0.849818 0.864770 -0.563105
-0.846281 0.864748 -0.558472
-0.842744 0.864735 -0.553839
-0.839207 0.864732 -0.549206
-0.835669 0.864739 -0.544573
-0.832132 0.864754 -0.539940
-0.828595 0.864779 -0.535307
-0.825058 0.864814 -0.530674
-0.821521 0.864858 -0.526041
-0.817983 0.864911 -0.521408
-0.814446 0.864974 -0.516775
-0.810909 0.865046 -0.512142
-0.807372 0.865127 -0.507509
-0.803835 0.865218 -0.502876
-0.800298 0.865318 -0.498243
-0.796760 0.865428 -0.493610
-0.793223 0.865547 -0.488977
-0.789686 0.865675 -0.484344
-0.786149 0.865813 -0.479711
-0.944557 0.838931 -0.737469
-0.940401 0.838459 -0.731804
-0.936245 0.838001 -0.726139
-0.932089 0.837558 -0.720474
-0.927933 0.837129 -0.714809
-0.923776 0.836714 -0.709144
-0.919620 0.836313 -0.703479
-0.915464 0.835927 -0.697814
-0.911308 0.835555 -0.692149
-0.907152 0.835197 -0.686484
-0.902996 0.834854 -0.680819
-0.898840 0.834525 -0.675154
-0.894684 0.834211 -0.669490
-0.890528 0.833911 -0.663825
-0.886372 0.833626 -0.658160
-0.882215 0.833355 -0.652495
-0.878059 0.833099 -0.646830
-0.873903 0.832857 -0.641165
-0.869747 0.832629 -0.635500
-0.865591 0.832416 -0.629835
-0.861435 0.832218 -0.624170
-0.857279 0.832034 -0.618505
-0.853123 0.831865 -0.612840
-0.848967 0.831710 -0.607175
-0.844811 0.831570 -0.601510
-0.840654 0.831445 -0.595845
-0.836498 0.831334 -0.590180
-0.832342 0.831237 -0.584516
-0.828186 0.831156 -0.578851
-0.824030 0.831089 -0.573186
-0.819874 0.831036 -0.567521
-0.815718 0.830998 -0.561856
-0.811562 0.830975 -0.556191
-0.807406 0.830966 -0.550526
-0.803250 0.830972 -0.544861
-0.799093 0.830993 -0.539196
-0.794937 0.831028 -0.533531
-0.790781 0.831078 -0.527866
-0.786625 0.831142 -0.522201
-0.782469 0.831221 -0.516536
-0.778313 0.831315 -0.510871
-0.774157 0.831423 -0.505206
-0.770001 0.831546 -0.499542
-0.765845 0.831683 -0.493877
-0.761688 0.831835 -0.488212
-0.757532 0.832002 -0.482547
-0.753376 0.832183 -0.476882
-0.749220 0.832378 -0.471217
-0.745064 0.832589 -0.465552
-0.740908 0.832813 -0.459887
-0.736752 0.833053 -0.454222
-0.923226 0.807767 -0.761694
-0.918541 0.807117 -0.755037
-0.913856 0.806488 -0.748381
-0.909171 0.805878 -0.741725
-0.904486 0.805289 -0.735068
-0.899801 0.804720 -0.728412
-0.895116 0.804172 -0.721756
-0.890431 0.803644 -0.715100
-0.885746 0.803137 -0.708443
-0.881061 0.802650 -0.701787
-0.876376 0.802184 -0.695131
-0.871691 0.801739 -0.688475
-0.867006 0.801314 -0.681818
-0.862321 0.800910 -0.675162
-0.857636 0.800527 -0.668506
-0.852951 0.800164 -0.661850
-0.848267 0.799823 -0.655193
-0.843582 0.799502 -0.648537
-0.838897 0.799202 -0.641881
-0.834212 0.798923 -0.635225
-0.829527 0.798664 -0.628568
-0.824842 0.798427 -0.621912
-0.820157 0.798210 -0.615256
-0.815472 0.798015 -0.608600
-0.810787 0.797841 -0.601943
-0.806102 0.797687 -0.595287
-0.801417 0.797554 -0.588631
-0.796732 0.797443 -0.581975
-0.792047 0.797352 -0.575318
-0.787362 0.797283 -0.568662
-0.782677 0.797235 -0.562006
-0.777992 0.797207 -0.555350
-0.773307 0.797201 -0.548693
-0.768622 0.797215 -0.542037
-0.763937 0.797251 -0.535381
-0.759252 0.797308 -0.528725
-0.754567 0.797386 -0.522068
-0.749882 0.797484 -0.515412
-0.745197 0.797604 -0.508756
-0.740513 0.797745 -0.502099
-0.735828 0.797907 -0.495443
-0.731143 0.798089 -0.488787
-0.726458 0.798293 -0.482131
-0.721773 0.798518 -0.475474
-0.717088 0.798763 -0.468818
-0.712403 0.799030 -0.462162
-0.707718 0.799317 -0.455506
-0.703033 0.799625 -0.448849
-0.698348 0.799954 -0.442193
-0.693663 0.800304 -0.435537
-0.688978 0.800675 -0.428881
-0.899300 0.776912 -0.784211
-0.894170 0.776057 -0.776601
-0.889041 0.775230 -0.768991
-0.883911 0.774430 -0.761381
-0.878782 0.773658 -0.753771
-0.873652 0.772913 -0.746161
-0.868523 0.772196 -0.738550
-0.863393 0.771507 -0.730940
-0.858264 0.770845 -0.723330
-0.853134 0.770211 -0.715720
-0.848005 0.769606 -0.708110
-0.842875 0.769028 -0.700500
-0.837746 0.768478 -0.692889
-0.832616 0.767957 -0.685279
-0.827487 0.767464 -0.677669
-0.822357 0.766999 -0.670059
-0.817228 0.766562 -0.662449
-0.812099 0.766154 -0.654838
-0.806969 0.765774 -0.647228
-0.801840 0.765423 -0.639618
-0.796710 0.765100 -0.632008
-0.791581 0.764805 -0.624398
-0.786451 0.764539 -0.616788
-0.781322 0.764302 -0.609177
-0.776192 0.764093 -0.601567
-0.771063 0.763913 -0.593957
-0.765933 0.763762 -0.586347
-0.760804 0.763639 -0.578737
-0.755674 0.763545 -0.571127
-0.750545 0.763480 -0.563516
-0.745415 0.763443 -0.555906
-0.740286 0.763435 -0.548296
-0.735156 0.763456 -0.540686
-0.730027 0.763505 -0.533076
-0.724897 0.763584 -0.525466
-0.719768 0.763691 -0.517855
-0.714638 0.763826 -0.510245
-0.709509 0.763990 -0.502635
-0.704379 0.764183 -0.495025
-0.699250 0.764405 -0.487415
-0.694120 0.764655 -0.479805
-0.688991 0.764933 -0.472194
-0.683861 0.765241 -0.464584
-0.678732 0.765576 -0.456974
-0.673602 0.765941 -0.449364
-0.668473 0.766333 -0.441754
-0.663343 0.766754 -0.434143
-0.658214 0.767204 -0.426533
-0.653084 0.767681 -0.418923
-0.647955 0.768187 -0.411313
-0.642825 0.768721 -0.403703
-0.873024 0.746363 -0.805166
-0.867529 0.745277 -0.796636
-0.862035 0.744226 -0.788107
-0.856540 0.743211 -0.779578
-0.851045 0.742232 -0.771049
-0.845551 0.741289 -0.762520
-0.840056 0.740381 -0.753991
-0.834561 0.739510 -0.745461
-0.829067 0.738675 -0.736932
-0.823572 0.737876 -0.728403
-0.818077 0.737114 -0.719874
-0.812583 0.736389 -0.711345
-0.807088 0.735700 -0.702816
-0.801593 0.735048 -0.694286
-0.796099 0.734433 -0.685757
-0.790604 0.733854 -0.677228
-0.785110 0.733313 -0.668699
-0.779615 0.732809 -0.660170
-0.774120 0.732343 -0.651641
-0.768626 0.731914 -0.643111
-0.763131 0.731522 -0.634582
-0.757636 0.731167 -0.626053
-0.752142 0.730850 -0.617524
-0.746647 0.730571 -0.608995
-0.741152 0.730329 -0.600466
-0.735658 0.730125 -0.591936
-0.730163 0.729958 -0.583407
-0.724668 0.729829 -0.574878
-0.719174 0.729738 -0.566349
-0.713679 0.729684 -0.557820
-0.708184 0.729669 -0.549291
-0.702690 0.729691 -0.540761
-0.697195 0.729750 -0.532232
-0.691700 0.729848 -0.523703
-0.686206 0.729983 -0.515174
-0.680711 0.730156 -0.506645
-0.675216 0.730366 -0.498116
-0.669722 0.730615 -0.489587
-0.664227 0.730900 -0.481057
-0.658732 0.731223 -0.472528
-0.653238 0.731584 -0.463999
-0.647743 0.731982 -0.455470
-0.642249 0.732418 -0.446941
-0.636754 0.732891 -0.438412
-0.631259 0.733401 -0.429882
-0.625765 0.733948 -0.421353
-0.620270 0.734532 -0.412824
-0.614775 0.735154 -0.404295
-0.609281 0.735812 -0.395766
-0.603786 0.736507 -0.387237
-0.598291 0.737238 -0.378707
-0.844611 0.716124 -0.824675
-0.838826 0.714779 -0.815260
-0.833042 0.713479 -0.805845
-0.827257 0.712224 -0.796430
-0.821472 0.711014 -0.787015
-0.815687 0.709849 -0.777599
-0.809903 0.708729 -0.768184
-0.804118 0.707655 -0.758769
-0.798333 0.706627 -0.749354
-0.792548 0.705644 -0.739939
-0.786764 0.704708 -0.730524
-0.780979 0.703819 -0.721108
-0.775194 0.702976 -0.711693
-0.769409 0.702180 -0.702278
-0.763625 0.701431 -0.692863
-0.757840 0.700728 -0.683448
-0.752055 0.700073 -0.674032
-0.746270 0.699466 -0.664617
-0.740485 0.698906 -0.655202
-0.734701 0.698393 -0.645787
-0.728916 0.697928 -0.636372
-0.723131 0.697511 -0.626957
-0.717346 0.697142 -0.617541
-0.711562 0.696821 -0.608126
-0.705777 0.696548 -0.598711
-0.699992 0.696323 -0.589296
-0.694207 0.696146 -0.579881
-0.688423 0.696017 -0.570465
-0.682638 0.695936 -0.561050
-0.676853 0.695903 -0.551635
-0.671068 0.695919 -0.542220
-0.665284 0.695983 -0.532805
-0.659499 0.696095 -0.523389
-0.653714 0.696256 -0.513974
-0.647929 0.696464 -0.504559
-0.642144 0.696721 -0.495144
-0.636360 0.697025 -0.485729
-0.630575 0.697378 -0.476314
-0.624790 0.697778 -0.466898
-0.619005 0.698226 -0.457483
-0.613221 0.698722 -0.448068
-0.607436 0.699266 -0.438653
-0.601651 0.699857 -0.429238
-0.595866 0.700496 -0.419822
-0.590082 0.701181 -0.410407
-0.584297 0.701914 -0.400992
-0.578512 0.702694 -0.391577
-0.572727 0.703521 -0.382162
-0.566943 0.704394 -0.372746
-0.561158 0.705314 -0.363331
-0.555373 0.706280 -0.353916
-0.814249 0.686207 -0.842841
-0.808246 0.684575 -0.832571
-0.802242 0.682998 -0.822302
-0.796239 0.681476 -0.812032
-0.790235 0.680010 -0.801762
-0.784231 0.678599 -0.791492
-0.778228 0.677243 -0.781223
-0.772224 0.675945 -0.770953
-0.766220 0.674703 -0.760683
-0.760217 0.673518 -0.750413
-0.754213 0.672390 -0.740144
-0.748209 0.671320 -0.729874
-0.742206 0.670307 -0.719604
-0.736202 0.669353 -0.709334
-0.730198 0.668457 -0.699065
-0.724195 0.667619 -0.688795
-0.718191 0.666841 -0.678525
-0.712187 0.666121 -0.668256
-0.706184 0.665461 -0.657986
-0.700180 0.664860 -0.647716
-0.694176 0.664319 -0.637446
-0.688173 0.663837 -0.627177
-0.682169 0.663415 -0.616907
-0.676166 0.663053 -0.606637
-0.670162 0.662751 -0.596367
-0.664158 0.662509 -0.586098
-0.658155 0.662328 -0.575828
-0.652151 0.662206 -0.565558
-0.646147 0.662145 -0.555288
-0.640144 0.662144 -0.545019
-0.634140 0.662203 -0.534749
-0.628136 0.662323 -0.524479
-0.622133 0.662503 -0.514209
-0.616129 0.662743 -0.503940
-0.610125 0.663043 -0.493670
-0.604122 0.663403 -0.483400
-0.598118 0.663823 -0.473130
-0.592114 0.664303 -0.462861
-0.586111 0.664843 -0.452591
-0.580107 0.665442 -0.442321
-0.574103 0.666101 -0.432051
-0.568100 0.666819 -0.421782
-0.562096 0.667595 -0.411512
-0.556093 0.668431 -0.401242
-0.550089 0.669325 -0.390973
-0.544085 0.670278 -0.380703
-0.538082 0.671288 -0.370433
-0.532078 0.672357 -0.360163
-0.526074 0.673483 -0.349894
-0.520071 0.674666 -0.339624
-0.514067 0.675907 -0.329354
-0.782106 0.656628 -0.859748
-0.775951 0.654680 -0.848654
-0.769797 0.652797 -0.837560
-0.763642 0.650981 -0.826466
-0.757487 0.649231 -0.815372
-0.751332 0.647549 -0.804278
-0.745178 0.645934 -0.793184
-0.739023 0.644388 -0.782090
-0.732868 0.642910 -0.770996
-0.726713 0.641502 -0.759902
-0.720559 0.640163 -0.748808
-0.714404 0.638894 -0.737714
-0.708249 0.637696 -0.726620
-0.702094 0.636568 -0.715527
-0.695940 0.635512 -0.704433
-0.689785 0.634528 -0.693339
-0.683630 0.633616 -0.682245
-0.677475 0.632776 -0.671151
-0.671321 0.632008 -0.660057
-0.665166 0.631313 -0.648963
-0.659011 0.630692 -0.637869
-0.652856 0.630144 -0.626775
-0.646702 0.629669 -0.615681
-0.640547 0.629268 -0.604587
-0.634392 0.628940 -0.593493
-0.628237 0.628687 -0.582399
-0.622083 0.628508 -0.571305
-0.615928 0.628402 -0.560211
-0.609773 0.628371 -0.549117
-0.603618 0.628414 -0.538023
-0.597464 0.628531 -0.526929
-0.591309 0.628722 -0.515836
-0.585154 0.628988 -0.504742
-0.578999 0.629327 -0.493648
-0.572845 0.629739 -0.482554
-0.566690 0.630226 -0.471460
-0.560535 0.630786 -0.460366
-0.554380 0.631419 -0.449272
-0.548226 0.632125 -0.438178
-0.542071 0.632904 -0.427084
-0.535916 0.633756 -0.415990
-0.529761 0.634680 -0.404896
-0.523607 0.635676 -0.393802
-0.517452 0.636743 -0.382708
-0.511297 0.637882 -0.371614
-0.505142 0.639091 -0.360520
-0.498988 0.640371 -0.349426
-0.492833 0.641721 -0.338332
-0.486678 0.643141 -0.327238
-0.480523 0.644629 -0.316144
-0.474369 0.646187 -0.305051
-0.748332 0.627411 -0.875469
-0.742091 0.625115 -0.863580
-0.735850 0.622897 -0.851691
-0.729609 0.620757 -0.839803
-0.723368 0.618697 -0.827914
-0.717126 0.616716 -0.816026
-0.710885 0.614815 -0.804137
-0.704644 0.612996 -0.792249
-0.698403 0.611259 -0.780360
-0.692162 0.609605 -0.768471
-0.685920 0.608035 -0.756583
-0.679679 0.606548 -0.744694
-0.673438 0.605147 -0.732806
-0.667197 0.603830 -0.720917
-0.660956 0.602600 -0.709028
-0.654714 0.601456 -0.697140
-0.648473 0.600398 -0.685251
-0.642232 0.599429 -0.673363
-0.635991 0.598547 -0.661474
-0.629750 0.597753 -0.649585
-0.623509 0.597048 -0.637697
-0.617267 0.596431 -0.625808
-0.611026 0.595904 -0.613920
-0.604785 0.595466 -0.602031
-0.598544 0.595118 -0.590143
-0.592303 0.594859 -0.578254
-0.586061 0.594690 -0.566365
-0.579820 0.594612 -0.554477
-0.573579 0.594623 -0.542588
-0.567338 0.594724 -0.530700
-0.561097 0.594915 -0.518811
-0.554856 0.595195 -0.506922
-0.548614 0.595566 -0.495034
-0.542373 0.596026 -0.483145
-0.536132 0.596575 -0.471257
-0.529891 0.597214 -0.459368
-0.523650 0.597941 -0.447480
-0.517408 0.598756 -0.435591
-0.511167 0.599660 -0.423702
-0.504926 0.600651 -0.411814
-0.498685 0.601730 -0.399925
-0.492444 0.602895 -0.388037
-0.486203 0.604147 -0.376148
-0.479961 0.605485 -0.364259
-0.473720 0.606907 -0.352371
-0.467479 0.608415 -0.340482
-0.461238 0.610006 -0.328594
-0.454997 0.611681 -0.316705
-0.448755 0.613438 -0.304816
-0.442514 0.615277 -0.292928
-0.436273 0.617197 -0.281039
-0.713065 0.598587 -0.890066
-0.706799 0.595911 -0.877412
-0.700533 0.593325 -0.864758
-0.694267 0.590830 -0.852104
-0.688002 0.588428 -0.839450
-0.681736 0.586119 -0.826796
-0.675470 0.583905 -0.814141
-0.669204 0.581787 -0.801487
-0.662938 0.579766 -0.788833
-0.656672 0.577842 -0.776179
-0.650407 0.576017 -0.763525
-0.644141 0.574292 -0.750871
-0.637875 0.572667 -0.738217
-0.631609 0.571144 -0.725563
-0.625343 0.569723 -0.712908
-0.619077 0.568405 -0.700254
-0.612812 0.567192 -0.687600
-0.606546 0.566082 -0.674946
-0.600280 0.565078 -0.662292
-0.594014 0.564179 -0.649638
-0.587748 0.563386 -0.636984
-0.581482 0.562700 -0.624330
-0.575217 0.562121 -0.611675
-0.568951 0.561650 -0.599021
-0.562685 0.561285 -0.586367
-0.556419 0.561029 -0.573713
-0.550153 0.560881 -0.561059
-0.543887 0.560840 -0.548405
-0.537622 0.560908 -0.535751
-0.531356 0.561083 -0.523097
-0.525090 0.561367 -0.510442
-0.518824 0.561758 -0.497788
-0.512558 0.562257 -0.485134
-0.506292 0.562863 -0.472480
-0.500027 0.563576 -0.459826
-0.493761 0.564396 -0.447172
-0.487495 0.565321 -0.434518
-0.481229 0.566352 -0.421864
-0.474963 0.567488 -0.409209
-0.468697 0.568728 -0.396555
-0.462432 0.570072 -0.383901
-0.456166 0.571518 -0.371247
-0.449900 0.573067 -0.358593
-0.443634 0.574717 -0.345939
-0.437368 0.576468 -0.333285
-0.431102 0.578318 -0.320631
-0.424837 0.580266 -0.307976
-0.418571 0.582312 -0.295322
-0.412305 0.584455 -0.282668
-0.406039 0.586693 -0.270014
-0.399773 0.589025 -0.257360
-0.676430 0.570196 -0.903595
-0.670198 0.567105 -0.890204
-0.663967 0.564117 -0.876814
-0.657736 0.561234 -0.863423
-0.651504 0.558457 -0.850032
-0.645273 0.555789 -0.836641
-0.639042 0.553230 -0.823251
-0.632810 0.550783 -0.809860
-0.626579 0.548449 -0.796469
-0.620347 0.546229 -0.783079
-0.614116 0.544125 -0.769688
-0.607885 0.542137 -0.756297
-0.601653 0.540268 -0.742906
-0.595422 0.538519 -0.729516
-0.589191 0.536890 -0.716125
-0.582959 0.535383 -0.702734
-0.576728 0.533999 -0.689343
-0.570497 0.532738 -0.675953
-0.564265 0.531603 -0.662562
-0.558034 0.530593 -0.649171
-0.551802 0.529709 -0.635781
-0.545571 0.528951 -0.622390
-0.539340 0.528322 -0.608999
-0.533108 0.527820 -0.595608
-0.526877 0.527446 -0.582218
-0.520646 0.527201 -0.568827
-0.514414 0.527084 -0.555436
-0.508183 0.527096 -0.542046
-0.501951 0.527237 -0.528655
-0.495720 0.527506 -0.515264
-0.489489 0.527904 -0.501873
-0.483257 0.528430 -0.488483
-0.477026 0.529084 -0.475092
-0.470795 0.529865 -0.461701
-0.464563 0.530773 -0.448310
-0.458332 0.531807 -0.434920
-0.452101 0.532966 -0.421529
-0.445869 0.534250 -0.408138
-0.439638 0.535657 -0.394748
-0.433406 0.537187 -0.381357
-0.427175 0.538838 -0.367966
-0.420944 0.540611 -0.354575
-0.414712 0.542502 -0.341185
-0.408481 0.544511 -0.327794
-0.402250 0.546638 -0.314403
-0.396018 0.548879 -0.301012
-0.389787 0.551235 -0.287622
-0.383555 0.553703 -0.274231
-0.377324 0.556282 -0.260840
-0.371093 0.558971 -0.247450
-0.364861 0.561768 -0.234059
-0.638543 0.542288 -0.916103
-0.632403 0.538744 -0.902004
-0.626263 0.535317 -0.887906
-0.620122 0.532009 -0.873808
-0.613982 0.528823 -0.859710
-0.607842 0.525760 -0.845611
-0.601701 0.522824 -0.831513
-0.595561 0.520015 -0.817415
-0.589421 0.517337 -0.803317
-0.583280 0.514791 -0.789218
-0.577140 0.512379 -0.775120
-0.571000 0.510103 -0.761022
-0.564859 0.507965 -0.746924
-0.558719 0.505967 -0.732825
-0.552579 0.504110 -0.718727
-0.546438 0.502395 -0.704629
-0.540298 0.500826 -0.690531
-0.534158 0.499402 -0.676432
-0.528017 0.498125 -0.662334
-0.521877 0.496996 -0.648236
-0.515737 0.496016 -0.634138
-0.509596 0.495186 -0.620039
-0.503456 0.494507 -0.605941
-0.497316 0.493979 -0.591843
-0.491176 0.493603 -0.577745
-0.485035 0.493379 -0.563646
-0.478895 0.493308 -0.549548
-0.472755 0.493389 -0.535450
-0.466614 0.493622 -0.521352
-0.460474 0.494008 -0.507253
-0.454334 0.494546 -0.493155
-0.448193 0.495234 -0.479057
-0.442053 0.496074 -0.464959
-0.435913 0.497063 -0.450860
-0.429772 0.498202 -0.436762
-0.423632 0.499489 -0.422664
-0.417492 0.500922 -0.408566
-0.411351 0.502501 -0.394467
-0.405211 0.504224 -0.380369
-0.399071 0.506090 -0.366271
-0.392930 0.508098 -0.352173
-0.386790 0.510245 -0.338074
-0.380650 0.512529 -0.323976
-0.374509 0.514950 -0.309878
-0.368369 0.517504 -0.295780
-0.362229 0.520191 -0.281681
-0.356088 0.523008 -0.267583
-0.349948 0.525953 -0.253485
-0.343808 0.529023 -0.239387
-0.337667 0.532217 -0.225288
-0.331527 0.535533 -0.211190
-0.599516 0.514926 -0.927636
-0.593521 0.510890 -0.912860
-0.587525 0.506984 -0.898084
-0.581530 0.503212 -0.883307
-0.575535 0.499577 -0.868531
-0.569540 0.496082 -0.853754
-0.563545 0.492729 -0.838978
-0.557550 0.489523 -0.824202
-0.551555 0.486466 -0.809425
-0.545559 0.483560 -0.794649
-0.539564 0.480808 -0.779873
-0.533569 0.478213 -0.765096
-0.527574 0.475778 -0.750320
-0.521579 0.473505 -0.735544
-0.515584 0.471397 -0.720767
-0.509588 0.469454 -0.705991
-0.503593 0.467681 -0.691214
-0.497598 0.466078 -0.676438
-0.491603 0.464647 -0.661662
-0.485608 0.463391 -0.646885
-0.479613 0.462310 -0.632109
-0.473617 0.461405 -0.617333
-0.467622 0.460678 -0.602556
-0.461627 0.460129 -0.587780
-0.455632 0.459760 -0.573004
-0.449637 0.459570 -0.558227
-0.443642 0.459559 -0.543451
-0.437647 0.459729 -0.528674
-0.431651 0.460078 -0.513898
-0.425656 0.460606 -0.499122
-0.419661 0.461313 -0.484345
-0.413666 0.462198 -0.469569
-0.407671 0.463259 -0.454793
-0.401676 0.464496 -0.440016
-0.395680 0.465907 -0.425240
-0.389685 0.467490 -0.410464
-0.383690 0.469245 -0.395687
-0.377695 0.471168 -0.380911
-0.371700 0.473258 -0.366134
-0.365705 0.475512 -0.351358
-0.359709 0.477929 -0.336582
-0.353714 0.480506 -0.321805
-0.347719 0.483239 -0.307029
-0.341724 0.486128 -0.292253
-0.335729 0.489168 -0.277476
-0.329734 0.492358 -0.262700
-0.323739 0.495694 -0.247924
-0.317743 0.499173 -0.233147
-0.311748 0.502792 -0.218371
-0.305753 0.506549 -0.203594
-0.299758 0.510439 -0.188818
-0.547909 0.479037 -0.890470
-0.542430 0.475229 -0.876066
-0.536951 0.471557 -0.861661
-0.531472 0.468024 -0.847256
-0.525993 0.464633 -0.832852
-0.520514 0.461388 -0.818447
-0.515035 0.458291 -0.804042
-0.509556 0.455345 -0.789638
-0.504077 0.452554 -0.775233
-0.498598 0.449920 -0.760828
-0.493118 0.447446 -0.746423
-0.487639 0.445134 -0.732019
-0.482160 0.442988 -0.717614
-0.476681 0.441010 -0.703209
-0.471202 0.439201 -0.688805
-0.465723 0.437565 -0.674400
-0.460244 0.436102 -0.659995
-0.454765 0.434815 -0.645590
-0.449286 0.433706 -0.631186
-0.443807 0.432775 -0.616781
-0.438327 0.432024 -0.602376
-0.432848 0.431453 -0.587972
-0.427369 0.431064 -0.573567
-0.421890 0.430857 -0.559162
-0.416411 0.430832 -0.544758
-0.410932 0.430990 -0.530353
-0.405453 0.431329 -0.515948
-0.399974 0.431850 -0.501543
-0.394495 0.432553 -0.487139
-0.389016 0.433435 -0.472734
-0.383537 0.434496 -0.458329
-0.378057 0.435734 -0.443925
-0.372578 0.437149 -0.429520
-0.367099 0.438739 -0.415115
-0.361620 0.440501 -0.400710
-0.356141 0.442433 -0.386306
-0.350662 0.444534 -0.371901
-0.345183 0.446800 -0.357496
-0.339704 0.449231 -0.343092
-0.334225 0.451821 -0.328687
-0.328746 0.454570 -0.314282
-0.323267 0.457474 -0.299878
-0.317787 0.460530 -0.285473
-0.312308 0.463736 -0.271068
-0.306829 0.467087 -0.256663
-0.301350 0.470582 -0.242259
-0.295871 0.474216 -0.227854
-0.290392 0.477987 -0.213449
-0.284913 0.481892 -0.199045
-0.279434 0.485927 -0.184640
-0.273955 0.490089 -0.170235
-0.498520 0.443524 -0.854240
-0.493535 0.439948 -0.840197
-0.488549 0.436514 -0.826155
-0.483564 0.433225 -0.812113
-0.478579 0.430085 -0.798070
-0.473594 0.427096 -0.784028
-0.468609 0.424262 -0.769985
-0.463623 0.421586 -0.755943
-0.458638 0.419071 -0.741901
-0.453653 0.416720 -0.727858
-0.448668 0.414535 -0.713816
-0.443683 0.412520 -0.699773
-0.438697 0.410677 -0.685731
-0.433712 0.409008 -0.671689
-0.428727 0.407516 -0.657646
-0.423742 0.406201 -0.643604
-0.418757 0.405067 -0.629561
-0.413771 0.404114 -0.615519
-0.408786 0.403344 -0.601477
-0.403801 0.402758 -0.587434
-0.398816 0.402356 -0.573392
-0.393831 0.402140 -0.559349
-0.388845 0.402109 -0.545307
-0.383860 0.402264 -0.531265
-0.378875 0.402604 -0.517222
-0.373890 0.403129 -0.503180
-0.368905 0.403838 -0.489137
-0.363919 0.404731 -0.475095
-0.358934 0.405805 -0.461053
-0.353949 0.407060 -0.447010
-0.348964 0.408494 -0.432968
-0.343979 0.410104 -0.418925
-0.338993 0.411890 -0.404883
-0.334008 0.413848 -0.390841
-0.329023 0.415977 -0.376798
-0.324038 0.418273 -0.362756
-0.319053 0.420734 -0.348713
-0.314067 0.423357 -0.334671
-0.309082 0.426139 -0.320629
-0.304097 0.429077 -0.306586
-0.299112 0.432167 -0.292544
-0.294127 0.435408 -0.278501
-0.289141 0.438794 -0.264459
-0.284156 0.442323 -0.250417
-0.279171 0.445991 -0.236374
-0.274186 0.449796 -0.222332
-0.269201 0.453733 -0.208289
-0.264215 0.457799 -0.194247
-0.259230 0.461992 -0.180205
-0.254245 0.466306 -0.166162
-0.249260 0.470739 -0.152120
-0.451317 0.408424 -0.819068
-0.446804 0.405083 -0.805378
-0.442291 0.401892 -0.791687
-0.437777 0.398853 -0.777996
-0.433264 0.395970 -0.764306
-0.428751 0.393246 -0.750615
-0.424238 0.390684 -0.736924
-0.419725 0.388289 -0.723234
-0.415212 0.386062 -0.709543
-0.410698 0.384007 -0.695852
-0.406185 0.382127 -0.682162
-0.401672 0.380424 -0.668471
-0.397159 0.378901 -0.654780
-0.392646 0.377559 -0.641090
-0.388133 0.376401 -0.627399
-0.383619 0.375429 -0.613708
-0.379106 0.374643 -0.600017
-0.374593 0.374046 -0.586327
-0.370080 0.373637 -0.572636
-0.365567 0.373418 -0.558945
-0.361054 0.373389 -0.545255
-0.356540 0.373550 -0.531564
-0.352027 0.373900 -0.517873
-0.347514 0.374440 -0.504183
-0.343001 0.375168 -0.490492
-0.338488 0.376083 -0.476801
-0.333975 0.377184 -0.463111
-0.329461 0.378470 -0.449420
-0.324948 0.379938 -0.435729
-0.320435 0.381586 -0.422039
-0.315922 0.383412 -0.408348
-0.311409 0.385413 -0.394657
-0.306896 0.387588 -0.380967
-0.302382 0.389932 -0.367276
-0.297869 0.392442 -0.353585
-0.293356 0.395117 -0.339894
-0.288843 0.397952 -0.326204
-0.284330 0.400943 -0.312513
-0.279816 0.404088 -0.298822
-0.275303 0.407383 -0.285132
-0.270790 0.410824 -0.271441
-0.266277 0.414408 -0.257750
-0.261764 0.418131 -0.244060
-0.257251 0.421989 -0.230369
-0.252737 0.425979 -0.216678
-0.248224 0.430096 -0.202988
-0.243711 0.434338 -0.189297
-0.239198 0.438701 -0.175606
-0.234685 0.443181 -0.161916
-0.230172 0.447774 -0.148225
-0.225658 0.452477 -0.134534
-0.406263 0.373772 -0.785099
-0.402201 0.370671 -0.771748
-0.398138 0.367728 -0.758397
-0.394076 0.364946 -0.745046
-0.390013 0.362328 -0.731695
-0.385950 0.359879 -0.718344
-0.381888 0.357602 -0.704993
-0.377825 0.355500 -0.691642
-0.373762 0.353577 -0.678291
-0.369700 0.351835 -0.664940
-0.365637 0.350277 -0.651589
-0.361574 0.348905 -0.638238
-0.357512 0.347722 -0.624887
-0.353449 0.346729 -0.611536
-0.349387 0.345929 -0.598185
-0.345324 0.345322 -0.584834
-0.341261 0.344910 -0.571483
-0.337199 0.344693 -0.558132
-0.333136 0.344671 -0.544781
-0.329073 0.344846 -0.531430
-0.325011 0.345215 -0.518079
-0.320948 0.345780 -0.504728
-0.316885 0.346538 -0.491377
-0.312823 0.347489 -0.478026
-0.308760 0.348630 -0.464675
-0.304698 0.349961 -0.451324
-0.300635 0.351479 -0.437973
-0.296572 0.353181 -0.424622
-0.292510 0.355066 -0.411271
-0.288447 0.357129 -0.397920
-0.284384 0.359368 -0.384569
-0.280322 0.361779 -0.371218
-0.276259 0.364360 -0.357867
-0.272197 0.367107 -0.344516
-0.268134 0.370015 -0.331165
-0.264071 0.373082 -0.317814
-0.260009 0.376303 -0.304463
-0.255946 0.379675 -0.291112
-0.251883 0.383192 -0.277761
-0.247821 0.386853 -0.264410
-0.243758 0.390651 -0.251059
-0.239695 0.394584 -0.237708
-0.235633 0.398648 -0.224357
-0.231570 0.402838 -0.211006
-0.227508 0.407150 -0.197655
-0.223445 0.411582 -0.184304
-0.219382 0.416128 -0.170953
-0.215320 0.420785 -0.157602
-0.211257 0.425550 -0.144251
-0.207194 0.430419 -0.130900
-0.203132 0.435389 -0.117549
-0.363313 0.339607 -0.752493
-0.359680 0.336750 -0.739469
-0.356047 0.334061 -0.726444
-0.352414 0.331544 -0.713419
-0.348781 0.329203 -0.700394
-0.345148 0.327042 -0.687369
-0.341515 0.325063 -0.674344
-0.337881 0.323272 -0.661319
-0.334248 0.321670 -0.648294
-0.330615 0.320260 -0.635269
-0.326982 0.319046 -0.622244
-0.323349 0.318028 -0.609219
-0.319716 0.317210 -0.596194
-0.316083 0.316593 -0.583169
-0.312449 0.316178 -0.570144
-0.308816 0.315965 -0.557119
-0.305183 0.315956 -0.544095
-0.301550 0.316150 -0.531070
-0.297917 0.316546 -0.518045
-0.294284 0.317144 -0.505020
-0.290651 0.317944 -0.491995
-0.287018 0.318942 -0.478970
-0.283384 0.320139 -0.465945
-0.279751 0.321530 -0.452920
-0.276118 0.323114 -0.439895
-0.272485 0.324889 -0.426870
-0.268852 0.326850 -0.413845
-0.265219 0.328994 -0.400820
-0.261586 0.331319 -0.387795
-0.257952 0.333819 -0.374770
-0.254319 0.336492 -0.361745
-0.250686 0.339333 -0.348721
-0.247053 0.342339 -0.335696
-0.243420 0.345504 -0.322671
-0.239787 0.348824 -0.309646
-0.236154 0.352295 -0.296621
-0.232521 0.355913 -0.283596
-0.228887 0.359673 -0.270571
-0.225254 0.363570 -0.257546
-0.221621 0.367602 -0.244521
-0.217988 0.371762 -0.231496
-0.214355 0.376046 -0.218471
-0.210722 0.380452 -0.205446
-0.207089 0.384973 -0.192421
-0.203455 0.389607 -0.179396
-0.199822 0.394350 -0.166371
-0.196189 0.399197 -0.153346
-0.192556 0.404144 -0.140322
-0.188923 0.409189 -0.127297
-0.185290 0.414327 -0.114272
-0.181657 0.419556 -0.101247
-0.322410 0.305965 -0.721438
-0.319186 0.303358 -0.708723
-0.315962 0.300931 -0.696009
-0.312737 0.298690 -0.683295
-0.309513 0.296638 -0.670580
-0.306289 0.294779 -0.657866
-0.303065 0.293118 -0.645151
-0.299841 0.291657 -0.632437
-0.296617 0.290399 -0.619723
-0.293393 0.289347 -0.607008
-0.290169 0.288503 -0.594294
-0.286945 0.287870 -0.581579
-0.283721 0.287448 -0.568865
-0.280496 0.287239 -0.556151
-0.277272 0.287242 -0.543436
-0.274048 0.287458 -0.530722
-0.270824 0.287887 -0.518008
-0.267600 0.288527 -0.505293
-0.264376 0.289378 -0.492579
-0.261152 0.290436 -0.479864
-0.257928 0.291701 -0.467150
-0.254704 0.293169 -0.454436
-0.251480 0.294837 -0.441721
-0.248256 0.296702 -0.429007
-0.245031 0.298760 -0.416293
-0.241807 0.301007 -0.403578
-0.238583 0.303440 -0.390864
-0.235359 0.306053 -0.378149
-0.232135 0.308842 -0.365435
-0.228911 0.311802 -0.352721
-0.225687 0.314929 -0.340006
-0.222463 0.318217 -0.327292
-0.219239 0.321662 -0.314578
-0.216015 0.325259 -0.301863
-0.212790 0.329003 -0.289149
-0.209566 0.332888 -0.276434
-0.206342 0.336909 -0.263720
-0.203118 0.341063 -0.251006
-0.199894 0.345344 -0.238291
-0.196670 0.349748 -0.225577
-0.193446 0.354270 -0.212863
-0.190222 0.358905 -0.200148
-0.186998 0.363649 -0.187434
-0.183774 0.368498 -0.174719
-0.180549 0.373448 -0.162005
-0.177325 0.378495 -0.149291
-0.174101 0.383635 -0.136576
-0.170877 0.388865 -0.123862
-0.167653 0.394180 -0.111148
-0.164429 0.399578 -0.098433
-0.161205 0.405055 -0.085719
-0.283482 0.272882 -0.692140
-0.280648 0.270530 -0.679718
-0.277813 0.268375 -0.667297
-0.274978 0.266422 -0.654876
-0.272143 0.264676 -0.642454
-0.269308 0.263139 -0.630033
-0.266473 0.261817 -0.617611
-0.263639 0.260712 -0.605190
-0.260804 0.259828 -0.592769
-0.257969 0.259166 -0.580347
-0.255134 0.258727 -0.567926
-0.252299 0.258514 -0.555504
-0.249465 0.258527 -0.543083
-0.246630 0.258766 -0.530662
-0.243795 0.259230 -0.518240
-0.240960 0.259917 -0.505819
-0.238125 0.260827 -0.493397
-0.235290 0.261957 -0.480976
-0.232456 0.263303 -0.468555
-0.229621 0.264864 -0.456133
-0.226786 0.266634 -0.443712
-0.223951 0.268610 -0.431290
-0.221116 0.270787 -0.418869
-0.218281 0.273161 -0.406448
-0.215447 0.275726 -0.394026
-0.212612 0.278478 -0.381605
-0.209777 0.281410 -0.369183
-0.206942 0.284517 -0.356762
-0.204107 0.287793 -0.344341
-0.201273 0.291234 -0.331919
-0.198438 0.294832 -0.319498
-0.195603 0.298582 -0.307076
-0.192768 0.302479 -0.294655
-0.189933 0.306517 -0.282234
-0.187098 0.310690 -0.269812
-0.184264 0.314994 -0.257391
-0.181429 0.319422 -0.244969
-0.178594 0.323970 -0.232548
-0.175759 0.328633 -0.220127
-0.172924 0.333406 -0.207705
-0.170089 0.338284 -0.195284
-0.167255 0.343263 -0.182862
-0.164420 0.348338 -0.170441
-0.161585 0.353506 -0.158020
-0.158750 0.358762 -0.145598
-0.155915 0.364103 -0.133177
-0.153080 0.369524 -0.120756
-0.150246 0.375023 -0.108334
-0.147411 0.380595 -0.095913
-0.144576 0.386239 -0.083491
-0.141741 0.391950 -0.071070
-0.246445 0.240385 -0.664832
-0.243980 0.238296 -0.652684
-0.241516 0.236425 -0.640536
-0.239051 0.234777 -0.628388
-0.236587 0.233356 -0.616239
-0.234122 0.232168 -0.604091
-0.231658 0.231215 -0.591943
-0.229194 0.230501 -0.579794
-0.226729 0.230027 -0.567646
-0.224265 0.229796 -0.555498
-0.221800 0.229807 -0.543349
-0.219336 0.230062 -0.531201
-0.216871 0.230558 -0.519053
-0.214407 0.231295 -0.506904
-0.211942 0.232271 -0.494756
-0.209478 0.233481 -0.482608
-0.207014 0.234923 -0.470459
-0.204549 0.236593 -0.458311
-0.202085 0.238485 -0.446163
-0.199620 0.240595 -0.434014
-0.197156 0.242916 -0.421866
-0.194691 0.245443 -0.409718
-0.192227 0.248169 -0.397569
-0.189762 0.251089 -0.385421
-0.187298 0.254194 -0.373273
-0.184834 0.257479 -0.361124
-0.182369 0.260937 -0.348976
-0.179905 0.264561 -0.336828
-0.177440 0.268344 -0.324679
-0.174976 0.272279 -0.312531
-0.172511 0.276361 -0.300383
-0.170047 0.280582 -0.288234
-0.167582 0.284937 -0.276086
-0.165118 0.289420 -0.263938
-0.162654 0.294024 -0.251789
-0.160189 0.298744 -0.239641
-0.157725 0.303575 -0.227493
-0.155260 0.308511 -0.215344
-0.152796 0.313547 -0.203196
-0.150331 0.318680 -0.191048
-0.147867 0.323903 -0.178899
-0.145402 0.329213 -0.166751
-0.142938 0.334606 -0.154603
-0.140473 0.340077 -0.142455
-0.138009 0.345624 -0.130306
-0.135545 0.351242 -0.118158
-0.133080 0.356928 -0.106010
-0.130616 0.362679 -0.093861
-0.128151 0.368492 -0.081713
-0.125687 0.374363 -0.069565
-0.123222 0.380291 -0.057416
-0.211190 0.208496 -0.639771
-0.209079 0.206678 -0.627873
-0.206967 0.205105 -0.615975
-0.204855 0.203783 -0.604077
-0.202743 0.202717 -0.592180
-0.200631 0.201911 -0.580282
-0.198519 0.201367 -0.568384
-0.196407 0.201089 -0.556487
-0.194295 0.201077 -0.544589
-0.192183 0.201331 -0.532691
-0.190071 0.201851 -0.520794
-0.187960 0.202633 -0.508896
-0.185848 0.203676 -0.496998
-0.183736 0.204975 -0.485100
-0.181624 0.206526 -0.473203
-0.179512 0.208322 -0.461305
-0.177400 0.210358 -0.449407
-0.175288 0.212626 -0.437510
-0.173176 0.215120 -0.425612
-0.171064 0.217831 -0.413714
-0.168952 0.220751 -0.401816
-0.166840 0.223873 -0.389919
-0.164729 0.227188 -0.378021
-0.162617 0.230687 -0.366123
-0.160505 0.234363 -0.354226
-0.158393 0.238207 -0.342328
-0.156281 0.242211 -0.330430
-0.154169 0.246368 -0.318533
-0.152057 0.250670 -0.306635
-0.149945 0.255109 -0.294737
-0.147833 0.259678 -0.282839
-0.145721 0.264371 -0.270942
-0.143610 0.269182 -0.259044
-0.141498 0.274103 -0.247146
-0.139386 0.279130 -0.235249
-0.137274 0.284256 -0.223351
-0.135162 0.289476 -0.211453
-0.133050 0.294786 -0.199555
-0.130938 0.300181 -0.187658
-0.128826 0.305655 -0.175760
-0.126714 0.311205 -0.163862
-0.124602 0.316827 -0.151965
-0.122490 0.322518 -0.140067
-0.120379 0.328272 -0.128169
-0.118267 0.334088 -0.116272
-0.116155 0.339963 -0.104374
-0.114043 0.345892 -0.092476
-0.111931 0.351873 -0.080578
-0.109819 0.357905 -0.068681
-0.107707 0.363983 -0.056783
-0.105595 0.370107 -0.044885
-0.177591 0.177221 -0.617228
-0.175815 0.175684 -0.605555
-0.174039 0.174430 -0.593883
-0.172263 0.173464 -0.582211
-0.170487 0.172791 -0.570539
-0.168711 0.172414 -0.558866
-0.166935 0.172337 -0.547194
-0.165159 0.172558 -0.535522
-0.163383 0.173077 -0.523849
-0.161607 0.173892 -0.512177
-0.159832 0.174997 -0.500505
-0.158056 0.176389 -0.488833
-0.156280 0.178059 -0.477160
-0.154504 0.180000 -0.465488
-0.152728 0.182204 -0.453816
-0.150952 0.184661 -0.442144
-0.149176 0.187360 -0.430471
-0.147400 0.190293 -0.418799
-0.145624 0.193448 -0.407127
-0.143848 0.196815 -0.395454
-0.142072 0.200382 -0.383782
-0.140297 0.204140 -0.372110
-0.138521 0.208077 -0.360438
-0.136745 0.212185 -0.348765
-0.134969 0.216453 -0.337093
-0.133193 0.220872 -0.325421
-0.131417 0.225433 -0.313748
-0.129641 0.230128 -0.302076
-0.127865 0.234948 -0.290404
-0.126089 0.239887 -0.278732
-0.124313 0.244937 -0.267059
-0.122538 0.250090 -0.255387
-0.120762 0.255342 -0.243715
-0.118986 0.260686 -0.232043
-0.117210 0.266116 -0.220370
-0.115434 0.271628 -0.208698
-0.113658 0.277215 -0.197026
-0.111882 0.282875 -0.185353
-0.110106 0.288603 -0.173681
-0.108330 0.294394 -0.162009
-0.106554 0.300245 -0.150337
-0.104778 0.306153 -0.138664
-0.103003 0.312114 -0.126992
-0.101227 0.318126 -0.115320
-0.099451 0.324185 -0.103648
-0.097675 0.330289 -0.091975
-0.095899 0.336436 -0.080303
-0.094123 0.342622 -0.068631
-0.092347 0.348847 -0.056958
-0.090571 0.355108 -0.045286
-0.088795 0.361404 -0.033614
-0.145489 0.146548 -0.597489
-0.144035 0.145306 -0.586014
-0.142580 0.144398 -0.574539
-0.141125 0.143832 -0.563064
-0.139670 0.143610 -0.551589
-0.138215 0.143736 -0.540115
-0.136760 0.144207 -0.528640
-0.135305 0.145020 -0.517165
-0.133850 0.146171 -0.505690
-0.132395 0.147650 -0.494215
-0.130941 0.149449 -0.482740
-0.129486 0.151555 -0.471265
-0.128031 0.153957 -0.459790
-0.126576 0.156640 -0.448315
-0.125121 0.159590 -0.436841
-0.123666 0.162793 -0.425366
-0.122211 0.166235 -0.413891
-0.120756 0.169900 -0.402416
-0.119301 0.173775 -0.390941
-0.117846 0.177845 -0.379466
-0.116392 0.182099 -0.367991
-0.114937 0.186522 -0.356516
-0.113482 0.191104 -0.345041
-0.112027 0.195834 -0.333567
-0.110572 0.200700 -0.322092
-0.109117 0.205693 -0.310617
-0.107662 0.210805 -0.299142
-0.106207 0.216026 -0.287667
-0.104752 0.221350 -0.276192
-0.103298 0.226768 -0.264717
-0.101843 0.232274 -0.253242
-0.100388 0.237862 -0.241767
-0.098933 0.243527 -0.230292
-0.097478 0.249263 -0.218818
-0.096023 0.255065 -0.207343
-0.094568 0.260929 -0.195868
-0.093113 0.266852 -0.184393
-0.091658 0.272828 -0.172918
-0.090203 0.278855 -0.161443
-0.088749 0.284929 -0.149968
-0.087294 0.291048 -0.138493
-0.085839 0.297208 -0.127018
-0.084384 0.303408 -0.115544
-0.082929 0.309644 -0.104069
-0.081474 0.315915 -0.092594
-0.080019 0.322219 -0.081119
-0.078564 0.328553 -0.069644
-0.077109 0.334917 -0.058169
-0.075655 0.341307 -0.046694
-0.074200 0.347724 -0.035219
-0.072745 0.354165 -0.023744
-0.114703 0.116441 -0.580840
-0.113556 0.115512 -0.569532
-0.112409 0.114997 -0.558224
-0.111262 0.114901 -0.546915
-0.110115 0.115226 -0.535607
-0.108968 0.115968 -0.524298
-0.107821 0.117120 -0.512990
-0.106674 0.118669 -0.501682
-0.105527 0.120599 -0.490373
-0.104380 0.122894 -0.479065
-0.103233 0.125533 -0.467756
-0.102086 0.128495 -0.456448
-0.100939 0.131757 -0.445140
-0.099792 0.135299 -0.433831
-0.098644 0.139099 -0.422523
-0.097497 0.143137 -0.411214
-0.096350 0.147392 -0.399906
-0.095203 0.151847 -0.388598
-0.094056 0.156485 -0.377289
-0.092909 0.161289 -0.365981
-0.091762 0.166246 -0.354672
-0.090615 0.171341 -0.343364
-0.089468 0.176564 -0.332056
-0.088321 0.181903 -0.320747
-0.087174 0.187349 -0.309439
-0.086027 0.192891 -0.298130
-0.084880 0.198522 -0.286822
-0.083733 0.204236 -0.275513
-0.082586 0.210024 -0.264205
-0.081439 0.215881 -0.252897
-0.080292 0.221802 -0.241588
-0.079145 0.227781 -0.230280
-0.077998 0.233814 -0.218971
-0.076851 0.239898 -0.207663
-0.075704 0.246028 -0.196355
-0.074557 0.252200 -0.185046
-0.073410 0.258413 -0.173738
-0.072263 0.264662 -0.162429
-0.071116 0.270946 -0.151121
-0.069969 0.277262 -0.139813
-0.068822 0.283608 -0.128504
-0.067675 0.289982 -0.117196
-0.066528 0.296383 -0.105887
-0.065381 0.302807 -0.094579
-0.064234 0.309255 -0.083271
-0.063087 0.315725 -0.071962
-0.061940 0.322215 -0.060654
-0.060793 0.328723 -0.049345
-0.059646 0.335250 -0.038037
-0.058498 0.341794 -0.026729
-0.057351 0.348354 -0.015420
-0.085016 0.086838 -0.567554
-0.084166 0.086253 -0.556378
-0.083316 0.086215 -0.545203
-0.082466 0.086723 -0.534027
-0.081616 0.087768 -0.522852
-0.080766 0.089331 -0.511676
-0.079915 0.091387 -0.500501
-0.079065 0.093901 -0.489325
-0.078215 0.096840 -0.478150
-0.077365 0.100165 -0.466974
-0.076515 0.103839 -0.455799
-0.075665 0.107827 -0.444623
-0.074814 0.112095 -0.433447
-0.073964 0.116612 -0.422272
-0.073114 0.121351 -0.411096
-0.072264 0.126287 -0.399921
-0.071414 0.131397 -0.388745
-0.070564 0.136662 -0.377570
-0.069713 0.142064 -0.366394
-0.068863 0.147589 -0.355219
-0.068013 0.153223 -0.344043
-0.067163 0.158955 -0.332868
-0.066313 0.164775 -0.321692
-0.065463 0.170673 -0.310517
-0.064612 0.176642 -0.299341
-0.063762 0.182674 -0.288165
-0.062912 0.188764 -0.276990
-0.062062 0.194906 -0.265814
-0.061212 0.201096 -0.254639
-0.060362 0.207329 -0.243463
-0.059512 0.213601 -0.232288
-0.058661 0.219909 -0.221112
-0.057811 0.226251 -0.209937
-0.056961 0.232622 -0.198761
-0.056111 0.239022 -0.187586
-0.055261 0.245447 -0.176410
-0.054411 0.251896 -0.165235
-0.053560 0.258367 -0.154059
-0.052710 0.264859 -0.142883
-0.051860 0.271369 -0.131708
-0.051010 0.277897 -0.120532
-0.050160 0.284441 -0.109357
-0.049310 0.291000 -0.098181
-0.048459 0.297574 -0.087006
-0.047609 0.304161 -0.075830
-0.046759 0.310760 -0.064655
-0.045909 0.317372 -0.053479
-0.045059 0.323994 -0.042304
-0.044209 0.330626 -0.031128
-0.043358 0.337268 -0.019953
-0.042508 0.343920 -0.008777
-0.056186 0.057646 -0.557870
-0.055625 0.057477 -0.546791
-0.055063 0.058111 -0.535713
-0.054501 0.059525 -0.524634
-0.053939 0.061663 -0.513555
-0.053377 0.064455 -0.502476
-0.052815 0.067818 -0.491398
-0.052253 0.071674 -0.480319
-0.051692 0.075947 -0.469240
-0.051130 0.080571 -0.458162
-0.050568 0.085488 -0.447083
-0.050006 0.090651 -0.436004
-0.049444 0.096021 -0.424926
-0.048882 0.101564 -0.413847
-0.048320 0.107254 -0.402768
-0.047759 0.113068 -0.391689
-0.047197 0.118989 -0.380611
-0.046635 0.125001 -0.369532
-0.046073 0.131092 -0.358453
-0.045511 0.137251 -0.347375
-0.044949 0.143469 -0.336296
-0.044387 0.149739 -0.325217
-0.043825 0.156055 -0.314139
-0.043264 0.162411 -0.303060
-0.042702 0.168803 -0.291981
-0.042140 0.175227 -0.280902
-0.041578 0.181680 -0.269824
-0.041016 0.188158 -0.258745
-0.040454 0.194659 -0.247666
-0.039892 0.201181 -0.236588
-0.039331 0.207722 -0.225509
-0.038769 0.214280 -0.214430
-0.038207 0.220853 -0.203352
-0.037645 0.227441 -0.192273
-0.037083 0.234042 -0.181194
-0.036521 0.240655 -0.170115
-0.035959 0.247278 -0.159037
-0.035397 0.253912 -0.147958
-0.034836 0.260556 -0.136879
-0.034274 0.267208 -0.125801
-0.033712 0.273868 -0.114722
-0.033150 0.280535 -0.103643
-0.032588 0.287210 -0.092565
-0.032026 0.293890 -0.081486
-0.031464 0.300577 -0.070407
-0.030903 0.307270 -0.059328
-0.030341 0.313968 -0.048250
-0.029779 0.320671 -0.037171
-0.029217 0.327378 -0.026092
-0.028655 0.334090 -0.015014
-0.028093 0.340806 -0.003935
-0.027944 0.028747 -0.551978
-0.027664 0.029255 -0.540958
-0.027385 0.031261 -0.529938
-0.027106 0.034504 -0.518919
-0.026826 0.038675 -0.507899
-0.026547 0.043507 -0.496879
-0.026267 0.048804 -0.485859
-0.025988 0.054432 -0.474840
-0.025708 0.060297 -0.463820
-0.025429 0.066336 -0.452800
-0.025149 0.072506 -0.441780
-0.024870 0.078777 -0.430760
-0.024591 0.085125 -0.419741
-0.024311 0.091535 -0.408721
-0.024032 0.097995 -0.397701
-0.023752 0.104496 -0.386681
-0.023473 0.111029 -0.375662
-0.023193 0.117591 -0.364642
-0.022914 0.124176 -0.353622
-0.022635 0.130780 -0.342602
-0.022355 0.137402 -0.331582
-0.022076 0.144039 -0.320563
-0.021796 0.150688 -0.309543
-0.021517 0.157348 -0.298523
-0.021237 0.164018 -0.287503
-0.020958 0.170696 -0.276484
-0.020678 0.177383 -0.265464
-0.020399 0.184076 -0.254444
-0.020120 0.190775 -0.243424
-0.019840 0.197479 -0.232404
-0.019561 0.204189 -0.221385
-0.019281 0.210903 -0.210365
-0.019002 0.217621 -0.199345
-0.018722 0.224342 -0.188325
-0.018443 0.231067 -0.177305
-0.018163 0.237795 -0.166286
-0.017884 0.244526 -0.155266
-0.017605 0.251260 -0.144246
-0.017325 0.257996 -0.133226
-0.017046 0.264734 -0.122207
-0.016766 0.271474 -0.111187
-0.016487 0.278216 -0.100167
-0.016207 0.284960 -0.089147
-0.015928 0.291705 -0.078127
-0.015649 0.298452 -0.067108
-0.015369 0.305201 -0.056088
-0.015090 0.311951 -0.045068
-0.014810 0.318702 -0.034048
-0.014531 0.325454 -0.023029
-0.014251 0.332207 -0.012009
-0.013972 0.338961 -0.000989
0.000000 0.000000 -0.550000
0.000000 0.006767 -0.539000
0.000000 0.013534 -0.528000
0.000000 0.020301 -0.517000
0.000000 0.027068 -0.506000
0.000000 0.033835 -0.495000
0.000000 0.040602 -0.484000
0.000000 0.047369 -0.473000
0.000000 0.054136 -0.462000
0.000000 0.060903 -0.451000
0.000000 0.067670 -0.440000
0.000000 0.074437 -0.429000
0.000000 0.081204 -0.418000
0.000000 0.087971 -0.407000
0.000000 0.094738 -0.396000
0.000000 0.101505 -0.385000
0.000000 0.108272 -0.374000
0.000000 0.115039 -0.363000
0.000000 0.121806 -0.352000
0.000000 0.128573 -0.341000
0.000000 0.135340 -0.330000
0.000000 0.142107 -0.319000
0.000000 0.148874 -0.308000
0.000000 0.155641 -0.297000
0.000000 0.162408 -0.286000
0.000000 0.169175 -0.275000
0.000000 0.175942 -0.264000
0.000000 0.182709 -0.253000
0.000000 0.189476 -0.242000
0.000000 0.196243 -0.231000
0.000000 0.203010 -0.220000
0.000000 0.209777 -0.209000
0.000000 0.216544 -0.198000
0.000000 0.223311 -0.187000
0.000000 0.230078 -0.176000
0.000000 0.236845 -0.165000
0.000000 0.243612 -0.154000
0.000000 0.250380 -0.143000
0.000000 0.257147 -0.132000
0.000000 0.263914 -0.121000
0.000000 0.270681 -0.110000
0.000000 0.277448 -0.099000
0.000000 0.284215 -0.088000
0.000000 0.290982 -0.077000
0.000000 0.297749 -0.066000
0.000000 0.304516 -0.055000
0.000000 0.311283 -0.044000
0.000000 0.318050 -0.033000
0.000000 0.324817 -0.022000
0.000000 0.331584 -0.011000
0.000000 0.338351 0.000000
0.027944 0.028747 -0.551978
0.027664 0.029255 -0.540958
0.027385 0.031261 -0.529938
0.027106 0.034504 -0.518919
0.026826 0.038675 -0.507899
0.026547 0.043507 -0.496879
0.026267 0.048804 -0.485859
0.025988 0.054432 -0.474840
0.025708 0.060297 -0.463820
0.025429 0.066336 -0.452800
0.025149 0.072506 -0.441780
0.024870 0.078777 -0.430760
0.024591 0.085125 -0.419741
0.024311 0.091535 -0.408721
0.024032 0.097995 -0.397701
0.023752 0.104496 -0.386681
0.023473 0.111029 -0.375662
0.023193 0.117591 -0.364642
0.022914 0.124176 -0.353622
0.022635 0.130780 -0.342602
0.022355 0.137402 -0.331582
0.022076 0.144039 -0.320563
0.021796 0.150688 -0.309543
0.021517 0.157348 -0.298523
0.021237 0.164018 -0.287503
0.020958 0.170696 -0.276484
0.020678 0.177383 -0.265464
0.020399 0.184076 -0.254444
0.020120 0.190775 -0.243424
0.019840 0.197479 -0.232404
0.019561 0.204189 -0.221385
0.019281 0.210903 -0.210365
0.019002 0.217621 -0.199345
0.018722 0.224342 -0.188325
0.018443 0.231067 -0.177305
0.018163 0.237795 -0.166286
0.017884 0.244526 -0.155266
0.017605 0.251260 -0.144246
0.017325 0.257996 -0.133226
0.017046 0.264734 -0.122207
0.016766 0.271474 -0.111187
0.016487 0.278216 -0.100167
0.016207 0.284960 -0.089147
0.015928 0.291705 -0.078127
0.015649 0.298452 -0.067108
0.015369 0.305201 -0.056088
0.015090 0.311951 -0.045068
0.014810 0.318702 -0.034048
0.014531 0.325454 -0.023029
0.014251 0.332207 -0.012009
0.013972 0.338961 -0.000989
0.056186 0.057646 -0.557870
0.055625 0.057477 -0.546791
0.055063 0.058111 -0.535713
0.054501 0.059525 -0.524634
0.053939 0.061663 -0.513555
0.053377 0.064455 -0.502476
0.052815 0.067818 -0.491398
0.052253 0.071674 -0.480319
0.051692 0.075947 -0.469240
0.051130 0.080571 -0.458162
0.050568 0.085488 -0.447083
0.050006 0.090651 -0.436004
0.049444 0.096021 -0.424926
0.048882 0.101564 -0.413847
0.048320 0.107254 -0.402768
0.047759 0.113068 -0.391689
0.047197 0.118989 -0.380611
0.046635 0.125001 -0.369532
0.046073 0.131092 -0.358453
0.045511 0.137251 -0.347375
0.044949 0.143469 -0.336296
0.044387 0.149739 -0.325217
0.043825 0.156055 -0.314139
0.043264 0.162411 -0.303060
0.042702 0.168803 -0.291981
0.042140 0.175227 -0.280902
0.041578 0.181680 -0.269824
0.041016 0.188158 -0.258745
0.040454 0.194659 -0.247666
0.039892 0.201181 -0.236588
0.039331 0.207722 -0.225509
0.038769 0.214280 -0.214430
0.038207 0.220853 -0.203352
0.037645 0.227441 -0.192273
0.037083 0.234042 -0.181194
0.036521 0.240655 -0.170115
0.035959 0.247278 -0.159037
0.035397 0.253912 -0.147958
0.034836 0.260556 -0.136879
0.034274 0.267208 -0.125801
0.033712 0.273868 -0.114722
0.033150 0.280535 -0.103643
0.032588 0.287210 -0.092565
0.032026 0.293890 -0.081486
0.031464 0.300577 -0.070407
0.030903 0.307270 -0.059328
0.030341 0.313968 -0.048250
0.029779 0.320671 -0.037171
0.029217 0.327378 -0.026092
0.028655 0.334090 -0.015014
0.028093 0.340806 -0.003935
0.085016 0.086838 -0.567554
0.084166 0.086253 -0.556378
0.083316 0.086215 -0.545203
0.082466 0.086723 -0.534027
0.081616 0.087768 -0.522852
0.080766 0.089331 -0.511676
0.079915 0.091387 -0.500501
0.079065 0.093901 -0.489325
0.078215 0.096840 -0.478150
0.077365 0.100165 -0.466974
0.076515 0.103839 -0.455799
0.075665 0.107827 -0.444623
0.074814 0.112095 -0.433447
0.073964 0.116612 -0.422272
0.073114 0.121351 -0.411096
0.072264 0.126287 -0.399921
0.071414 0.131397 -0.388745
0.070564 0.136662 -0.377570
0.069713 0.142064 -0.366394
0.068863 0.147589 -0.355219
0.068013 0.153223 -0.344043
0.067163 0.158955 -0.332868
0.066313 0.164775 -0.321692
0.065463 0.170673 -0.310517
0.064612 0.176642 -0.299341
0.063762 0.182674 -0.288165
0.062912 0.188764 -0.276990
0.062062 0.194906 -0.265814
0.061212 0.201096 -0.254639
0.060362 0.207329 -0.243463
0.059512 0.213601 -0.232288
0.058661 0.219909 -0.221112
0.057811 0.226251 -0.209937
0.056961 0.232622 -0.198761
0.056111 0.239022 -0.187586
0.055261 0.245447 -0.176410
0.054411 0.251896 -0.165235
0.053560 0.258367 -0.154059
0.052710 0.264859 -0.142883
0.051860 0.271369 -0.131708
0.051010 0.277897 -0.120532
0.050160 0.284441 -0.109357
0.049310 0.291000 -0.098181
0.048459 0.297574 -0.087006
0.047609 0.304161 -0.075830
0.046759 0.310760 -0.064655
0.045909 0.317372 -0.053479
0.045059 0.323994 -0.042304
0.044209 0.330626 -0.031128
0.043358 0.337268 -0.019953
0.042508 0.343920 -0.008777
0.114703 0.116441 -0.580840
0.113556 0.115512 -0.569532
0.112409 0.114997 -0.558224
0.111262 0.114901 -0.546915
0.110115 0.115226 -0.535607
0.108968 0.115968 -0.524298
0.107821 0.117120 -0.512990
0.106674 0.118669 -0.501682
0.105527 0.120599 -0.490373
0.104380 0.122894 -0.479065
0.103233 0.125533 -0.467756
0.102086 0.128495 -0.456448
0.100939 0.131757 -0.445140
0.099792 0.135299 -0.433831
0.098644 0.139099 -0.422523
0.097497 0.143137 -0.411214
0.096350 0.147392 -0.399906
0.095203 0.151847 -0.388598
0.094056 0.156485 -0.377289
0.092909 0.161289 -0.365981
0.091762 0.166246 -0.354672
0.090615 0.171341 -0.343364
0.089468 0.176564 -0.332056
0.088321 0.181903 -0.320747
0.087174 0.187349 -0.309439
0.086027 0.192891 -0.298130
0.084880 0.198522 -0.286822
0.083733 0.204236 -0.275513
0.082586 0.210024 -0.264205
0.081439 0.215881 -0.252897
0.080292 0.221802 -0.241588
0.079145 0.227781 -0.230280
0.077998 0.233814 -0.218971
0.076851 0.239898 -0.207663
0.075704 0.246028 -0.196355
0.074557 0.252200 -0.185046
0.073410 0.258413 -0.173738
0.072263 0.264662 -0.162429
0.071116 0.270946 -0.151121
0.069969 0.277262 -0.139813
0.068822 0.283608 -0.128504
0.067675 0.289982 -0.117196
0.066528 0.296383 -0.105887
0.065381 0.302807 -0.094579
0.064234 0.309255 -0.083271
0.063087 0.315725 -0.071962
0.061940 0.322215 -0.060654
0.060793 0.328723 -0.049345
0.059646 0.335250 -0.038037
0.058498 0.341794 -0.026729
0.057351 0.348354 -0.015420
0.145489 0.146548 -0.597489
0.144035 0.145306 -0.586014
0.142580 0.144398 -0.574539
0.141125 0.143832 -0.563064
0.139670 0.143610 -0.551589
0.138215 0.143736 -0.540115
0.136760 0.144207 -0.528640
0.135305 0.145020 -0.517165
0.133850 0.146171 -0.505690
0.132395 0.147650 -0.494215
0.130941 0.149449 -0.482740
0.129486 0.151555 -0.471265
0.128031 0.153957 -0.459790
0.126576 0.156640 -0.448315
0.125121 0.159590 -0.436841
0.123666 0.162793 -0.425366
0.122211 0.166235 -0.413891
0.120756 0.169900 -0.402416
0.119301 0.173775 -0.390941
0.117846 0.177845 -0.379466
0.116392 0.182099 -0.367991
0.114937 0.186522 -0.356516
0.113482 0.191104 -0.345041
0.112027 0.195834 -0.333567
0.110572 0.200700 -0.322092
0.109117 0.205693 -0.310617
0.107662 0.210805 -0.299142
0.106207 0.216026 -0.287667
0.104752 0.221350 -0.276192
0.103298 0.226768 -0.264717
0.101843 0.232274 -0.253242
0.100388 0.237862 -0.241767
0.098933 0.243527 -0.230292
0.097478 0.249263 -0.218818
0.096023 0.255065 -0.207343
0.094568 0.260929 -0.195868
0.093113 0.266852 -0.184393
0.091658 0.272828 -0.172918
0.090203 0.278855 -0.161443
0.088749 0.284929 -0.149968
0.087294 0.291048 -0.138493
0.085839 0.297208 -0.127018
0.084384 0.303408 -0.115544
0.082929 0.309644 -0.104069
0.081474 0.315915 -0.092594
0.080019 0.322219 -0.081119
0.078564 0.328553 -0.069644
0.077109 0.334917 -0.058169
0.075655 0.341307 -0.046694
0.074200 0.347724 -0.035219
0.072745 0.354165 -0.023744
0.177591 0.177221 -0.617228
0.175815 0.175684 -0.605555
0.174039 0.174430 -0.593883
0.172263 0.173464 -0.582211
0.170487 0.172791 -0.570539
0.168711 0.172414 -0.558866
0.166935 0.172337 -0.547194
0.165159 0.172558 -0.535522
0.163383 0.173077 -0.523849
0.161607 0.173892 -0.512177
0.159832 0.174997 -0.500505
0.158056 0.176389 -0.488833
0.156280 0.178059 -0.477160
0.154504 0.180000 -0.465488
0.152728 0.182204 -0.453816
0.150952 0.184661 -0.442144
0.149176 0.187360 -0.430471
0.147400 0.190293 -0.418799
0.145624 0.193448 -0.407127
0.143848 0.196815 -0.395454
0.142072 0.200382 -0.383782
0.140297 0.204140 -0.372110
0.138521 0.208077 -0.360438
0.136745 0.212185 -0.348765
0.134969 0.216453 -0.337093
0.133193 0.220872 -0.325421
0.131417 0.225433 -0.313748
0.129641 0.230128 -0.302076
0.127865 0.234948 -0.290404
0.126089 0.239887 -0.278732
0.124313 0.244937 -0.267059
0.122538 0.250090 -0.255387
0.120762 0.255342 -0.243715
0.118986 0.260686 -0.232043
0.117210 0.266116 -0.220370
0.115434 0.271628 -0.208698
0.113658 0.277215 -0.197026
0.111882 0.282875 -0.185353
0.110106 0.288603 -0.173681
0.108330 0.294394 -0.162009
0.106554 0.300245 -0.150337
0.104778 0.306153 -0.138664
0.103003 0.312114 -0.126992
0.101227 0.318126 -0.115320
0.099451 0.324185 -0.103648
0.097675 0.330289 -0.091975
0.095899 0.336436 -0.080303
0.094123 0.342622 -0.068631
0.092347 0.348847 -0.056958
0.090571 0.355108 -0.045286
0.088795 0.361404 -0.033614
0.211190 0.208496 -0.639771
0.209079 0.206678 -0.627873
0.206967 0.205105 -0.615975
0.204855 0.203783 -0.604077
0.202743 0.202717 -0.592180
0.200631 0.201911 -0.580282
0.198519 0.201367 -0.568384
0.196407 0.201089 -0.556487
0.194295 0.201077 -0.544589
0.192183 0.201331 -0.532691
0.190071 0.201851 -0.520794
0.187960 0.202633 -0.508896
0.185848 0.203676 -0.496998
0.183736 0.204975 -0.485100
0.181624 0.206526 -0.473203
0.179512 0.208322 -0.461305
0.177400 0.210358 -0.449407
0.175288 0.212626 -0.437510
0.173176 0.215120 -0.425612
0.171064 0.217831 -0.413714
0.168952 0.220751 -0.401816
0.166840 0.223873 -0.389919
0.164729 0.227188 -0.378021
0.162617 0.230687 -0.366123
0.160505 0.234363 -0.354226
0.158393 0.238207 -0.342328
0.156281 0.242211 -0.330430
0.154169 0.246368 -0.318533
0.152057 0.250670 -0.306635
0.149945 0.255109 -0.294737
0.147833 0.259678 -0.282839
0.145721 0.264371 -0.270942
0.143610 0.269182 -0.259044
0.141498 0.274103 -0.247146
0.139386 0.279130 -0.235249
0.137274 0.284256 -0.223351
0.135162 0.289476 -0.211453
0.133050 0.294786 -0.199555
0.130938 0.300181 -0.187658
0.128826 0.305655 -0.175760
0.126714 0.311205 -0.163862
0.124602 0.316827 -0.151965
0.122490 0.322518 -0.140067
0.120379 0.328272 -0.128169
0.118267 0.334088 -0.116272
0.116155 0.339963 -0.104374
0.114043 0.345892 -0.092476
0.111931 0.351873 -0.080578
0.109819 0.357905 -0.068681
0.107707 0.363983 -0.056783
0.105595 0.370107 -0.044885
0.246445 0.240385 -0.664832
0.243980 0.238296 -0.652684
0.241516 0.236425 -0.640536
0.239051 0.234777 -0.628388
0.236587 0.233356 -0.616239
0.234122 0.232168 -0.604091
0.231658 0.231215 -0.591943
0.229194 0.230501 -0.579794
0.226729 0.230027 -0.567646
0.224265 0.229796 -0.555498
0.221800 0.229807 -0.543349
0.219336 0.230062 -0.531201
0.216871 0.230558 -0.519053
0.214407 0.231295 -0.506904
0.211942 0.232271 -0.494756
0.209478 0.233481 -0.482608
0.207014 0.234923 -0.470459
0.204549 0.236593 -0.458311
0.202085 0.238485 -0.446163
0.199620 0.240595 -0.434014
0.197156 0.242916 -0.421866
0.194691 0.245443 -0.409718
0.192227 0.248169 -0.397569
0.189762 0.251089 -0.385421
0.187298 0.254194 -0.373273
0.184834 0.257479 -0.361124
0.182369 0.260937 -0.348976
0.179905 0.264561 -0.336828
0.177440 0.268344 -0.324679
0.174976 0.272279 -0.312531
0.172511 0.276361 -0.300383
0.170047 0.280582 -0.288234
0.167582 0.284937 -0.276086
0.165118 0.289420 -0.263938
0.162654 0.294024 -0.251789
0.160189 0.298744 -0.239641
0.157725 0.303575 -0.227493
0.155260 0.308511 -0.215344
0.152796 0.313547 -0.203196
0.150331 0.318680 -0.191048
0.147867 0.323903 -0.178899
0.145402 0.329213 -0.166751
0.142938 0.334606 -0.154603
0.140473 0.340077 -0.142455
0.138009 0.345624 -0.130306
0.135545 0.351242 -0.118158
0.133080 0.356928 -0.106010
0.130616 0.362679 -0.093861
0.128151 0.368492 -0.081713
0.125687 0.374363 -0.069565
0.123222 0.380291 -0.057416
0.283482 0.272882 -0.692140
0.280648 0.270530 -0.679718
0.277813 0.268375 -0.667297
0.274978 0.266422 -0.654876
0.272143 0.264676 -0.642454
0.269308 0.263139 -0.630033
0.266473 0.261817 -0.617611
0.263639 0.260712 -0.605190
0.260804 0.259828 -0.592769
0.257969 0.259166 -0.580347
0.255134 0.258727 -0.567926
0.252299 0.258514 -0.555504
0.249465 0.258527 -0.543083
0.246630 0.258766 -0.530662
0.243795 0.259230 -0.518240
0.240960 0.259917 -0.505819
0.238125 0.260827 -0.493397
0.235290 0.261957 -0.480976
0.232456 0.263303 -0.468555
0.229621 0.264864 -0.456133
0.226786 0.266634 -0.443712
0.223951 0.268610 -0.431290
0.221116 0.270787 -0.418869
0.218281 0.273161 -0.406448
0.215447 0.275726 -0.394026
0.212612 0.278478 -0.381605
0.209777 0.281410 -0.369183
0.206942 0.284517 -0.356762
0.204107 0.287793 -0.344341
0.201273 0.291234 -0.331919
0.198438 0.294832 -0.319498
0.195603 0.298582 -0.307076
0.192768 0.302479 -0.294655
0.189933 0.306517 -0.282234
0.187098 0.310690 -0.269812
0.184264 0.314994 -0.257391
0.181429 0.319422 -0.244969
0.178594 0.323970 -0.232548
0.175759 0.328633 -0.220127
0.172924 0.333406 -0.207705
0.170089 0.338284 -0.195284
0.167255 0.343263 -0.182862
0.164420 0.348338 -0.170441
0.161585 0.353506 -0.158020
0.158750 0.358762 -0.145598
0.155915 0.364103 -0.133177
0.153080 0.369524 -0.120756
0.150246 0.375023 -0.108334
0.147411 0.380595 -0.095913
0.144576 0.386239 -0.083491
0.141741 0.391950 -0.071070
0.322410 0.305965 -0.721438
0.319186 0.303358 -0.708723
0.315962 0.300931 -0.696009
0.312737 0.298690 -0.683295
0.309513 0.296638 -0.670580
0.306289 0.294779 -0.657866
0.303065 0.293118 -0.645151
0.299841 0.291657 -0.632437
0.296617 0.290399 -0.619723
0.293393 0.289347 -0.607008
0.290169 0.288503 -0.594294
0.286945 0.287870 -0.581579
0.283721 0.287448 -0.568865
0.280496 0.287239 -0.556151
0.277272 0.287242 -0.543436
0.274048 0.287458 -0.530722
0.270824 0.287887 -0.518008
0.267600 0.288527 -0.505293
0.264376 0.289378 -0.492579
0.261152 0.290436 -0.479864
0.257928 0.291701 -0.467150
0.254704 0.293169 -0.454436
0.251480 0.294837 -0.441721
0.248256 0.296702 -0.429007
0.245031 0.298760 -0.416293
0.241807 0.301007 -0.403578
0.238583 0.303440 -0.390864
0.235359 0.306053 -0.378149
0.232135 0.308842 -0.365435
0.228911 0.311802 -0.352721
0.225687 0.314929 -0.340006
0.222463 0.318217 -0.327292
0.219239 0.321662 -0.314578
0.216015 0.325259 -0.301863
0.212790 0.329003 -0.289149
0.209566 0.332888 -0.276434
0.206342 0.336909 -0.263720
0.203118 0.341063 -0.251006
0.199894 0.345344 -0.238291
0.196670 0.349748 -0.225577
0.193446 0.354270 -0.212863
0.190222 0.358905 -0.200148
0.186998 0.363649 -0.187434
0.183774 0.368498 -0.174719
0.180549 0.373448 -0.162005
0.177325 0.378495 -0.149291
0.174101 0.383635 -0.136576
0.170877 0.388865 -0.123862
0.167653 0.394180 -0.111148
0.164429 0.399578 -0.098433
0.161205 0.405055 -0.085719
0.363313 0.339607 -0.752493
0.359680 0.336750 -0.739469
0.356047 0.334061 -0.726444
0.352414 0.331544 -0.713419
0.348781 0.329203 -0.700394
0.345148 0.327042 -0.687369
0.341515 0.325063 -0.674344
0.337881 0.323272 -0.661319
0.334248 0.321670 -0.648294
0.330615 0.320260 -0.635269
0.326982 0.319046 -0.622244
0.323349 0.318028 -0.609219
0.319716 0.317210 -0.596194
0.316083 0.316593 -0.583169
0.312449 0.316178 -0.570144
0.308816 0.315965 -0.557119
0.305183 0.315956 -0.544095
0.301550 0.316150 -0.531070
0.297917 0.316546 -0.518045
0.294284 0.317144 -0.505020
0.290651 0.317944 -0.491995
0.287018 0.318942 -0.478970
0.283384 0.320139 -0.465945
0.279751 0.321530 -0.452920
0.276118 0.323114 -0.439895
0.272485 0.324889 -0.426870
0.268852 0.326850 -0.413845
0.265219 0.328994 -0.400820
0.261586 0.331319 -0.387795
0.257952 0.333819 -0.374770
0.254319 0.336492 -0.361745
0.250686 0.339333 -0.348721
0.247053 0.342339 -0.335696
0.243420 0.345504 -0.322671
0.239787 0.348824 -0.309646
0.236154 0.352295 -0.296621
0.232521 0.355913 -0.283596
0.228887 0.359673 -0.270571
0.225254 0.363570 -0.257546
0.221621 0.367602 -0.244521
0.217988 0.371762 -0.231496
0.214355 0.376046 -0.218471
0.210722 0.380452 -0.205446
0.207089 0.384973 -0.192421
0.203455 0.389607 -0.179396
0.199822 0.394350 -0.166371
0.196189 0.399197 -0.153346
0.192556 0.404144 -0.140322
0.188923 0.409189 -0.127297
0.185290 0.414327 -0.114272
0.181657 0.419556 -0.101247
0.406263 0.373772 -0.785099
0.402201 0.370671 -0.771748
0.398138 0.367728 -0.758397
0.394076 0.364946 -0.745046
0.390013 0.362328 -0.731695
0.385950 0.359879 -0.718344
0.381888 0.357602 -0.704993
0.377825 0.355500 -0.691642
0.373762 0.353577 -0.678291
0.369700 0.351835 -0.664940
0.365637 0.350277 -0.651589
0.361574 0.348905 -0.638238
0.357512 0.347722 -0.624887
0.353449 0.346729 -0.611536
0.349387 0.345929 -0.598185
0.345324 0.345322 -0.584834
0.341261 0.344910 -0.571483
0.337199 0.344693 -0.558132
0.333136 0.344671 -0.544781
0.329073 0.344846 -0.531430
0.325011 0.345215 -0.518079
0.320948 0.345780 -0.504728
0.316885 0.346538 -0.491377
0.312823 0.347489 -0.478026
0.308760 0.348630 -0.464675
0.304698 0.349961 -0.451324
0.300635 0.351479 -0.437973
0.296572 0.353181 -0.424622
0.292510 0.355066 -0.411271
0.288447 0.357129 -0.397920
0.284384 0.359368 -0.384569
0.280322 0.361779 -0.371218
0.276259 0.364360 -0.357867
0.272197 0.367107 -0.344516
0.268134 0.370015 -0.331165
0.264071 0.373082 -0.317814
0.260009 0.376303 -0.304463
0.255946 0.379675 -0.291112
0.251883 0.383192 -0.277761
0.247821 0.386853 -0.264410
0.243758 0.390651 -0.251059
0.239695 0.394584 -0.237708
0.235633 0.398648 -0.224357
0.231570 0.402838 -0.211006
0.227508 0.407150 -0.197655
0.223445 0.411582 -0.184304
0.219382 0.416128 -0.170953
0.215320 0.420785 -0.157602
0.211257 0.425550 -0.144251
0.207194 0.430419 -0.130900
0.203132 0.435389 -0.117549
0.451317 0.408424 -0.819068
0.446804 0.405083 -0.805378
0.442291 0.401892 -0.791687
0.437777 0.398853 -0.777996
0.433264 0.395970 -0.764306
0.428751 0.393246 -0.750615
0.424238 0.390684 -0.736924
0.419725 0.388289 -0.723234
0.415212 0.386062 -0.709543
0.410698 0.384007 -0.695852
0.406185 0.382127 -0.682162
0.401672 0.380424 -0.668471
0.397159 0.378901 -0.654780
0.392646 0.377559 -0.641090
0.388133 0.376401 -0.627399
0.383619 0.375429 -0.613708
0.379106 0.374643 -0.600017
0.374593 0.374046 -0.586327
0.370080 0.373637 -0.572636
0.365567 0.373418 -0.558945
0.361054 0.373389 -0.545255
0.356540 0.373550 -0.531564
0.352027 0.373900 -0.517873
0.347514 0.374440 -0.504183
0.343001 0.375168 -0.490492
0.338488 0.376083 -0.476801
0.333975 0.377184 -0.463111
0.329461 0.378470 -0.449420
0.324948 0.379938 -0.435729
0.320435 0.381586 -0.422039
0.315922 0.383412 -0.408348
0.311409 0.385413 -0.394657
0.306896 0.387588 -0.380967
0.302382 0.389932 -0.367276
0.297869 0.392442 -0.353585
0.293356 0.395117 -0.339894
0.288843 0.397952 -0.326204
0.284330 0.400943 -0.312513
0.279816 0.404088 -0.298822
0.275303 0.407383 -0.285132
0.270790 0.410824 -0.271441
0.266277 0.414408 -0.257750
0.261764 0.418131 -0.244060
0.257251 0.421989 -0.230369
0.252737 0.425979 -0.216678
0.248224 0.430096 -0.202988
0.243711 0.434338 -0.189297
0.239198 0.438701 -0.175606
0.234685 0.443181 -0.161916
0.230172 0.447774 -0.148225
0.225658 0.452477 -0.134534
0.498520 0.443524 -0.854240
0.493535 0.439948 -0.840197
0.488549 0.436514 -0.826155
0.483564 0.433225 -0.812113
0.478579 0.430085 -0.798070
0.473594 0.427096 -0.784028
0.468609 0.424262 -0.769985
0.463623 0.421586 -0.755943
0.458638 0.419071 -0.741901
0.453653 0.416720 -0.727858
0.448668 0.414535 -0.713816
0.443683 0.412520 -0.699773
0.438697 0.410677 -0.685731
0.433712 0.409008 -0.671689
0.428727 0.407516 -0.657646
0.423742 0.406201 -0.643604
0.418757 0.405067 -0.629561
0.413771 0.404114 -0.615519
0.408786 0.403344 -0.601477
0.403801 0.402758 -0.587434
0.398816 0.402356 -0.573392
0.393831 0.402140 -0.559349
0.388845 0.402109 -0.545307
0.383860 0.402264 -0.531265
0.378875 0.402604 -0.517222
0.373890 0.403129 -0.503180
0.368905 0.403838 -0.489137
0.363919 0.404731 -0.475095
0.358934 0.405805 -0.461053
0.353949 0.407060 -0.447010
0.348964 0.408494 -0.432968
0.343979 0.410104 -0.418925
0.338993 0.411890 -0.404883
0.334008 0.413848 -0.390841
0.329023 0.415977 -0.376798
0.324038 0.418273 -0.362756
0.319053 0.420734 -0.348713
0.314067 0.423357 -0.334671
0.309082 0.426139 -0.320629
0.304097 0.429077 -0.306586
0.299112 0.432167 -0.292544
0.294127 0.435408 -0.278501
0.289141 0.438794 -0.264459
0.284156 0.442323 -0.250417
0.279171 0.445991 -0.236374
0.274186 0.449796 -0.222332
0.269201 0.453733 -0.208289
0.264215 0.457799 -0.194247
0.259230 0.461992 -0.180205
0.254245 0.466306 -0.166162
0.249260 0.470739 -0.152120
0.547909 0.479037 -0.890470
0.542430 0.475229 -0.876066
0.536951 0.471557 -0.861661
0.531472 0.468024 -0.847256
0.525993 0.464633 -0.832852
0.520514 0.461388 -0.818447
0.515035 0.458291 -0.804042
0.509556 0.455345 -0.789638
0.504077 0.452554 -0.775233
0.498598 0.449920 -0.760828
0.493118 0.447446 -0.746423
0.487639 0.445134 -0.732019
0.482160 0.442988 -0.717614
0.476681 0.441010 -0.703209
0.471202 0.439201 -0.688805
0.465723 0.437565 -0.674400
0.460244 0.436102 -0.659995
0.454765 0.434815 -0.645590
0.449286 0.433706 -0.631186
0.443807 0.432775 -0.616781
0.438327 0.432024 -0.602376
0.432848 0.431453 -0.587972
0.427369 0.431064 -0.573567
0.421890 0.430857 -0.559162
0.416411 0.430832 -0.544758
0.410932 0.430990 -0.530353
0.405453 0.431329 -0.515948
0.399974 0.431850 -0.501543
0.394495 0.432553 -0.487139
0.389016 0.433435 -0.472734
0.383537 0.434496 -0.458329
0.378057 0.435734 -0.443925
0.372578 0.437149 -0.429520
0.367099 0.438739 -0.415115
0.361620 0.440501 -0.400710
0.356141 0.442433 -0.386306
0.350662 0.444534 -0.371901
0.345183 0.446800 -0.357496
0.339704 0.449231 -0.343092
0.334225 0.451821 -0.328687
0.328746 0.454570 -0.314282
0.323267 0.457474 -0.299878
0.317787 0.460530 -0.285473
0.312308 0.463736 -0.271068
0.306829 0.467087 -0.256663
0.301350 0.470582 -0.242259
0.295871 0.474216 -0.227854
0.290392 0.477987 -0.213449
0.284913 0.481892 -0.199045
0.279434 0.485927 -0.184640
0.273955 0.490089 -0.170235
0.599516 0.514926 -0.927636
0.593521 0.510890 -0.912860
0.587525 0.506984 -0.898084
0.581530 0.503212 -0.883307
0.575535 0.499577 -0.868531
0.569540 0.496082 -0.853754
0.563545 0.492729 -0.838978
0.557550 0.489523 -0.824202
0.551555 0.486466 -0.809425
0.545559 0.483560 -0.794649
0.539564 0.480808 -0.779873
0.533569 0.478213 -0.765096
0.527574 0.475778 -0.750320
0.521579 0.473505 -0.735544
0.515584 0.471397 -0.720767
0.509588 0.469454 -0.705991
0.503593 0.467681 -0.691214
0.497598 0.466078 -0.676438
0.491603 0.464647 -0.661662
0.485608 0.463391 -0.646885
0.479613 0.462310 -0.632109
0.473617 0.461405 -0.617333
0.467622 0.460678 -0.602556
0.461627 0.460129 -0.587780
0.455632 0.459760 -0.573004
0.449637 0.459570 -0.558227
0.443642 0.459559 -0.543451
0.437647 0.459729 -0.528674
0.431651 0.460078 -0.513898
0.425656 0.460606 -0.499122
0.419661 0.461313 -0.484345
0.413666 0.462198 -0.469569
0.407671 0.463259 -0.454793
0.401676 0.464496 -0.440016
0.395680 0.465907 -0.425240
0.389685 0.467490 -0.410464
0.383690 0.469245 -0.395687
0.377695 0.471168 -0.380911
0.371700 0.473258 -0.366134
0.365705 0.475512 -0.351358
0.359709 0.477929 -0.336582
0.353714 0.480506 -0.321805
0.347719 0.483239 -0.307029
0.341724 0.486128 -0.292253
0.335729 0.489168 -0.277476
0.329734 0.492358 -0.262700
0.323739 0.495694 -0.247924
0.317743 0.499173 -0.233147
0.311748 0.502792 -0.218371
0.305753 0.506549 -0.203594
0.299758 0.510439 -0.188818
0.638543 0.542288 -0.916103
0.632403 0.538744 -0.902004
0.626263 0.535317 -0.887906
0.620122 0.532009 -0.873808
0.613982 0.528823 -0.859710
0.607842 0.525760 -0.845611
0.601701 0.522824 -0.831513
0.595561 0.520015 -0.817415
0.589421 0.517337 -0.803317
0.583280 0.514791 -0.789218
0.577140 0.512379 -0.775120
0.571000 0.510103 -0.761022
0.564859 0.507965 -0.746924
0.558719 0.505967 -0.732825
0.552579 0.504110 -0.718727
0.546438 0.502395 -0.704629
0.540298 0.500826 -0.690531
0.534158 0.499402 -0.676432
0.528017 0.498125 -0.662334
0.521877 0.496996 -0.648236
0.515737 0.496016 -0.634138
0.509596 0.495186 -0.620039
0.503456 0.494507 -0.605941
0.497316 0.493979 -0.591843
0.491176 0.493603 -0.577745
0.485035 0.493379 -0.563646
0.478895 0.493308 -0.549548
0.472755 0.493389 -0.535450
0.466614 0.493622 -0.521352
0.460474 0.494008 -0.507253
0.454334 0.494546 -0.493155
0.448193 0.495234 -0.479057
0.442053 0.496074 -0.464959
0.435913 0.497063 -0.450860
0.429772 0.498202 -0.436762
0.423632 0.499489 -0.422664
0.417492 0.500922 -0.408566
0.411351 0.502501 -0.394467
0.405211 0.504224 -0.380369
0.399071 0.506090 -0.366271
0.392930 0.508098 -0.352173
0.386790 0.510245 -0.338074
0.380650 0.512529 -0.323976
0.374509 0.514950 -0.309878
0.368369 0.517504 -0.295780
0.362229 0.520191 -0.281681
0.356088 0.523008 -0.267583
0.349948 0.525953 -0.253485
0.343808 0.529023 -0.239387
0.337667 0.532217 -0.225288
0.331527 0.535533 -0.211190
0.676430 0.570196 -0.903595
0.670198 0.567105 -0.890204
0.663967 0.564117 -0.876814
0.657736 0.561234 -0.863423
0.651504 0.558457 -0.850032
0.645273 0.555789 -0.836641
0.639042 0.553230 -0.823251
0.632810 0.550783 -0.809860
0.626579 0.548449 -0.796469
0.620347 0.546229 -0.783079
0.614116 0.544125 -0.769688
0.607885 0.542137 -0.756297
0.601653 0.540268 -0.742906
0.595422 0.538519 -0.729516
0.589191 0.536890 -0.716125
0.582959 0.535383 -0.702734
0.576728 0.533999 -0.689343
0.570497 0.532738 -0.675953
0.564265 0.531603 -0.662562
0.558034 0.530593 -0.649171
0.551802 0.529709 -0.635781
0.545571 0.528951 -0.622390
0.539340 0.528322 -0.608999
0.533108 0.527820 -0.595608
0.526877 0.527446 -0.582218
0.520646 0.527201 -0.568827
0.514414 0.527084 -0.555436
0.508183 0.527096 -0.542046
0.501951 0.527237 -0.528655
0.495720 0.527506 -0.515264
0.489489 0.527904 -0.501873
0.483257 0.528430 -0.488483
0.477026 0.529084 -0.475092
0.470795 0.529865 -0.461701
0.464563 0.530773 -0.448310
0.458332 0.531807 -0.434920
0.452101 0.532966 -0.421529
0.445869 0.534250 -0.408138
0.439638 0.535657 -0.394748
0.433406 0.537187 -0.381357
0.427175 0.538838 -0.367966
0.420944 0.540611 -0.354575
0.414712 0.542502 -0.341185
0.408481 0.544511 -0.327794
0.402250 0.546638 -0.314403
0.396018 0.548879 -0.301012
0.389787 0.551235 -0.287622
0.383555 0.553703 -0.274231
0.377324 0.556282 -0.260840
0.371093 0.558971 -0.247450
0.364861 0.561768 -0.234059
0.713065 0.598587 -0.890066
0.706799 0.595911 -0.877412
0.700533 0.593325 -0.864758
0.694267 0.590830 -0.852104
0.688002 0.588428 -0.839450
0.681736 0.586119 -0.826796
0.675470 0.583905 -0.814141
0.669204 0.581787 -0.801487
0.662938 0.579766 -0.788833
0.656672 0.577842 -0.776179
0.650407 0.576017 -0.763525
0.644141 0.574292 -0.750871
0.637875 0.572667 -0.738217
0.631609 0.571144 -0.725563
0.625343 0.569723 -0.712908
0.619077 0.568405 -0.700254
0.612812 0.567192 -0.687600
0.606546 0.566082 -0.674946
0.600280 0.565078 -0.662292
0.594014 0.564179 -0.649638
0.587748 0.563386 -0.636984
0.581482 0.562700 -0.624330
0.575217 0.562121 -0.611675
0.568951 0.561650 -0.599021
0.562685 0.561285 -0.586367
0.556419 0.561029 -0.573713
0.550153 0.560881 -0.561059
0.543887 0.560840 -0.548405
0.537622 0.560908 -0.535751
0.531356 0.561083 -0.523097
0.525090 0.561367 -0.510442
0.518824 0.561758 -0.497788
0.512558 0.562257 -0.485134
0.506292 0.562863 -0.472480
0.500027 0.563576 -0.459826
0.493761 0.564396 -0.447172
0.487495 0.565321 -0.434518
0.481229 0.566352 -0.421864
0.474963 0.567488 -0.409209
0.468697 0.568728 -0.396555
0.462432 0.570072 -0.383901
0.456166 0.571518 -0.371247
0.449900 0.573067 -0.358593
0.443634 0.574717 -0.345939
0.437368 0.576468 -0.333285
0.431102 0.578318 -0.320631
0.424837 0.580266 -0.307976
0.418571 0.582312 -0.295322
0.412305 0.584455 -0.282668
0.406039 0.586693 -0.270014
0.399773 0.589025 -0.257360
0.748332 0.627411 -0.875469
0.742091 0.625115 -0.863580
0.735850 0.622897 -0.851691
0.729609 0.620757 -0.839803
0.723368 0.618697 -0.827914
0.717126 0.616716 -0.816026
0.710885 0.614815 -0.804137
0.704644 0.612996 -0.792249
0.698403 0.611259 -0.780360
0.692162 0.609605 -0.768471
0.685920 0.608035 -0.756583
0.679679 0.606548 -0.744694
0.673438 0.605147 -0.732806
0.667197 0.603830 -0.720917
0.660956 0.602600 -0.709028
0.654714 0.601456 -0.697140
0.648473 0.600398 -0.685251
0.642232 0.599429 -0.673363
0.635991 0.598547 -0.661474
0.629750 0.597753 -0.649585
0.623509 0.597048 -0.637697
0.617267 0.596431 -0.625808
0.611026 0.595904 -0.613920
0.604785 0.595466 -0.602031
0.598544 0.595118 -0.590143
0.592303 0.594859 -0.578254
0.586061 0.594690 -0.566365
0.579820 0.594612 -0.554477
0.573579 0.594623 -0.542588
0.567338 0.594724 -0.530700
0.561097 0.594915 -0.518811
0.554856 0.595195 -0.506922
0.548614 0.595566 -0.495034
0.542373 0.596026 -0.483145
0.536132 0.596575 -0.471257
0.529891 0.597214 -0.459368
0.523650 0.597941 -0.447480
0.517408 0.598756 -0.435591
0.511167 0.599660 -0.423702
0.504926 0.600651 -0.411814
0.498685 0.601730 -0.399925
0.492444 0.602895 -0.388037
0.486203 0.604147 -0.376148
0.479961 0.605485 -0.364259
0.473720 0.606907 -0.352371
0.467479 0.608415 -0.340482
0.461238 0.610006 -0.328594
0.454997 0.611681 -0.316705
0.448755 0.613438 -0.304816
0.442514 0.615277 -0.292928
0.436273 0.617197 -0.281039
0.782106 0.656628 -0.859748
0.775951 0.654680 -0.848654
0.769797 0.652797 -0.837560
0.763642 0.650981 -0.826466
0.757487 0.649231 -0.815372
0.751332 0.647549 -0.804278
0.745178 0.645934 -0.793184
0.739023 0.644388 -0.782090
0.732868 0.642910 -0.770996
0.726713 0.641502 -0.759902
0.720559 0.640163 -0.748808
0.714404 0.638894 -0.737714
0.708249 0.637696 -0.726620
0.702094 0.636568 -0.715527
0.695940 0.635512 -0.704433
0.689785 0.634528 -0.693339
0.683630 0.633616 -0.682245
0.677475 0.632776 -0.671151
0.671321 0.632008 -0.660057
0.665166 0.631313 -0.648963
0.659011 0.630692 -0.637869
0.652856 0.630144 -0.626775
0.646702 0.629669 -0.615681
0.640547 0.629268 -0.604587
0.634392 0.628940 -0.593493
0.628237 0.628687 -0.582399
0.622083 0.628508 -0.571305
0.615928 0.628402 -0.560211
0.609773 0.628371 -0.549117
0.603618 0.628414 -0.538023
0.597464 0.628531 -0.526929
0.591309 0.628722 -0.515836
0.585154 0.628988 -0.504742
0.578999 0.629327 -0.493648
0.572845 0.629739 -0.482554
0.566690 0.630226 -0.471460
0.560535 0.630786 -0.460366
0.554380 0.631419 -0.449272
0.548226 0.632125 -0.438178
0.542071 0.632904 -0.427084
0.535916 0.633756 -0.415990
0.529761 0.634680 -0.404896
0.523607 0.635676 -0.393802
0.517452 0.636743 -0.382708
0.511297 0.637882 -0.371614
0.505142 0.639091 -0.360520
0.498988 0.640371 -0.349426
0.492833 0.641721 -0.338332
0.486678 0.643141 -0.327238
0.480523 0.644629 -0.316144
0.474369 0.646187 -0.305051
0.814249 0.686207 -0.842841
0.808246 0.684575 -0.832571
0.802242 0.682998 -0.822302
0.796239 0.681476 -0.812032
0.790235 0.680010 -0.801762
0.784231 0.678599 -0.791492
0.778228 0.677243 -0.781223
0.772224 0.675945 -0.770953
0.766220 0.674703 -0.760683
0.760217 0.673518 -0.750413
0.754213 0.672390 -0.740144
0.748209 0.671320 -0.729874
0.742206 0.670307 -0.719604
0.736202 0.669353 -0.709334
0.730198 0.668457 -0.699065
0.724195 0.667619 -0.688795
0.718191 0.666841 -0.678525
0.712187 0.666121 -0.668256
0.706184 0.665461 -0.657986
0.700180 0.664860 -0.647716
0.694176 0.664319 -0.637446
0.688173 0.663837 -0.627177
0.682169 0.663415 -0.616907
0.676166 0.663053 -0.606637
0.670162 0.662751 -0.596367
0.664158 0.662509 -0.586098
0.658155 0.662328 -0.575828
0.652151 0.662206 -0.565558
0.646147 0.662145 -0.555288
0.640144 0.662144 -0.545019
0.634140 0.662203 -0.534749
0.628136 0.662323 -0.524479
0.622133 0.662503 -0.514209
0.616129 0.662743 -0.503940
0.610125 0.663043 -0.493670
0.604122 0.663403 -0.483400
0.598118 0.663823 -0.473130
0.592114 0.664303 -0.462861
0.586111 0.664843 -0.452591
0.580107 0.665442 -0.442321
0.574103 0.666101 -0.432051
0.568100 0.666819 -0.421782
0.562096 0.667595 -0.411512
0.556093 0.668431 -0.401242
0.550089 0.669325 -0.390973
0.544085 0.670278 -0.380703
0.538082 0.671288 -0.370433
0.532078 0.672357 -0.360163
0.526074 0.673483 -0.349894
0.520071 0.674666 -0.339624
0.514067 0.675907 -0.329354
0.844611 0.716124 -0.824675
0.838826 0.714779 -0.815260
0.833042 0.713479 -0.805845
0.827257 0.712224 -0.796430
0.821472 0.711014 -0.787015
0.815687 0.709849 -0.777599
0.809903 0.708729 -0.768184
0.804118 0.707655 -0.758769
0.798333 0.706627 -0.749354
0.792548 0.705644 -0.739939
0.786764 0.704708 -0.730524
0.780979 0.703819 -0.721108
0.775194 0.702976 -0.711693
0.769409 0.702180 -0.702278
0.763625 0.701431 -0.692863
0.757840 0.700728 -0.683448
0.752055 0.700073 -0.674032
0.746270 0.699466 -0.664617
0.740485 0.698906 -0.655202
0.734701 0.698393 -0.645787
0.728916 0.697928 -0.636372
0.723131 0.697511 -0.626957
0.717346 0.697142 -0.617541
0.711562 0.696821 -0.608126
0.705777 0.696548 -0.598711
0.699992 0.696323 -0.589296
0.694207 0.696146 -0.579881
0.688423 0.696017 -0.570465
0.682638 0.695936 -0.561050
0.676853 0.695903 -0.551635
0.671068 0.695919 -0.542220
0.665284 0.695983 -0.532805
0.659499 0.696095 -0.523389
0.653714 0.696256 -0.513974
0.647929 0.696464 -0.504559
0.642144 0.696721 -0.495144
0.636360 0.697025 -0.485729
0.630575 0.697378 -0.476314
0.624790 0.697778 -0.466898
0.619005 0.698226 -0.457483
0.613221 0.698722 -0.448068
0.607436 0.699266 -0.438653
0.601651 0.699857 -0.429238
0.595866 0.700496 -0.419822
0.590082 0.701181 -0.410407
0.584297 0.701914 -0.400992
0.578512 0.702694 -0.391577
0.572727 0.703521 -0.382162
0.566943 0.704394 -0.372746
0.561158 0.705314 -0.363331
0.555373 0.706280 -0.353916
0.873024 0.746363 -0.805166
0.867529 0.745277 -0.796636
0.862035 0.744226 -0.788107
0.856540 0.743211 -0.779578
0.851045 0.742232 -0.771049
0.845551 0.741289 -0.762520
0.840056 0.740381 -0.753991
0.834561 0.739510 -0.745461
0.829067 0.738675 -0.736932
0.823572 0.737876 -0.728403
0.818077 0.737114 -0.719874
0.812583 0.736389 -0.711345
0.807088 0.735700 -0.702816
0.801593 0.735048 -0.694286
0.796099 0.734433 -0.685757
0.790604 0.733854 -0.677228
0.785110 0.733313 -0.668699
0.779615 0.732809 -0.660170
0.774120 0.732343 -0.651641
0.768626 0.731914 -0.643111
0.763131 0.731522 -0.634582
0.757636 0.731167 -0.626053
0.752142 0.730850 -0.617524
0.746647 0.730571 -0.608995
0.741152 0.730329 -0.600466
0.735658 0.730125 -0.591936
0.730163 0.729958 -0.583407
0.724668 0.729829 -0.574878
0.719174 0.729738 -0.566349
0.713679 0.729684 -0.557820
0.708184 0.729669 -0.549291
0.702690 0.729691 -0.540761
0.697195 0.729750 -0.532232
0.691700 0.729848 -0.523703
0.686206 0.729983 -0.515174
0.680711 0.730156 -0.506645
0.675216 0.730366 -0.498116
0.669722 0.730615 -0.489587
0.664227 0.730900 -0.481057
0.658732 0.731223 -0.472528
0.653238 0.731584 -0.463999
0.647743 0.731982 -0.455470
0.642249 0.732418 -0.446941
0.636754 0.732891 -0.438412
0.631259 0.733401 -0.429882
0.625765 0.733948 -0.421353
0.620270 0.734532 -0.412824
0.614775 0.735154 -0.404295
0.609281 0.735812 -0.395766
0.603786 0.736507 -0.387237
0.598291 0.737238 -0.378707
0.899300 0.776912 -0.784211
0.894170 0.776057 -0.776601
0.889041 0.775230 -0.768991
0.883911 0.774430 -0.761381
0.878782 0.773658 -0.753771
0.873652 0.772913 -0.746161
0.868523 0.772196 -0.738550
0.863393 0.771507 -0.730940
0.858264 0.770845 -0.723330
0.853134 0.770211 -0.715720
0.848005 0.769606 -0.708110
0.842875 0.769028 -0.700500
0.837746 0.768478 -0.692889
0.832616 0.767957 -0.685279
0.827487 0.767464 -0.677669
0.822357 0.766999 -0.670059
0.817228 0.766562 -0.662449
0.812099 0.766154 -0.654838
0.806969 0.765774 -0.647228
0.801840 0.765423 -0.639618
0.796710 0.765100 -0.632008
0.791581 0.764805 -0.624398
0.786451 0.764539 -0.616788
0.781322 0.764302 -0.609177
0.776192 0.764093 -0.601567
0.771063 0.763913 -0.593957
0.765933 0.763762 -0.586347
0.760804 0.763639 -0.578737
0.755674 0.763545 -0.571127
0.750545 0.763480 -0.563516
0.745415 0.763443 -0.555906
0.740286 0.763435 -0.548296
0.735156 0.763456 -0.540686
0.730027 0.763505 -0.533076
0.724897 0.763584 -0.525466
0.719768 0.763691 -0.517855
0.714638 0.763826 -0.510245
0.709509 0.763990 -0.502635
0.704379 0.764183 -0.495025
0.699250 0.764405 -0.487415
0.694120 0.764655 -0.479805
0.688991 0.764933 -0.472194
0.683861 0.765241 -0.464584
0.678732 0.765576 -0.456974
0.673602 0.765941 -0.449364
0.668473 0.766333 -0.441754
0.663343 0.766754 -0.434143
0.658214 0.767204 -0.426533
0.653084 0.767681 -0.418923
0.647955 0.768187 -0.411313
0.642825 0.768721 -0.403703
0.923226 0.807767 -0.761694
0.918541 0.807117 -0.755037
0.913856 0.806488 -0.748381
0.909171 0.805878 -0.741725
0.904486 0.805289 -0.735068
0.899801 0.804720 -0.728412
0.895116 0.804172 -0.721756
0.890431 0.803644 -0.715100
0.885746 0.803137 -0.708443
0.881061 0.802650 -0.701787
0.876376 0.802184 -0.695131
0.871691 0.801739 -0.688475
0.867006 0.801314 -0.681818
0.862321 0.800910 -0.675162
0.857636 0.800527 -0.668506
0.852951 0.800164 -0.661850
0.848267 0.799823 -0.655193
0.843582 0.799502 -0.648537
0.838897 0.799202 -0.641881
0.834212 0.798923 -0.635225
0.829527 0.798664 -0.628568
0.824842 0.798427 -0.621912
0.820157 0.798210 -0.615256
0.815472 0.798015 -0.608600
0.810787 0.797841 -0.601943
0.806102 0.797687 -0.595287
0.801417 0.797554 -0.588631
0.796732 0.797443 -0.581975
0.792047 0.797352 -0.575318
0.787362 0.797283 -0.568662
0.782677 0.797235 -0.562006
0.777992 0.797207 -0.555350
0.773307 0.797201 -0.548693
0.768622 0.797215 -0.542037
0.763937 0.797251 -0.535381
0.759252 0.797308 -0.528725
0.754567 0.797386 -0.522068
0.749882 0.797484 -0.515412
0.745197 0.797604 -0.508756
0.740513 0.797745 -0.502099
0.735828 0.797907 -0.495443
0.731143 0.798089 -0.488787
0.726458 0.798293 -0.482131
0.721773 0.798518 -0.475474
0.717088 0.798763 -0.468818
0.712403 0.799030 -0.462162
0.707718 0.799317 -0.455506
0.703033 0.799625 -0.448849
0.698348 0.799954 -0.442193
0.693663 0.800304 -0.435537
0.688978 0.800675 -0.428881
0.944557 0.838931 -0.737469
0.940401 0.838459 -0.731804
0.936245 0.838001 -0.726139
0.932089 0.837558 -0.720474
0.927933 0.837129 -0.714809
0.923776 0.836714 -0.709144
0.919620 0.836313 -0.703479
0.915464 0.835927 -0.697814
0.911308 0.835555 -0.692149
0.907152 0.835197 -0.686484
0.902996 0.834854 -0.680819
0.898840 0.834525 -0.675154
0.894684 0.834211 -0.669490
0.890528 0.833911 -0.663825
0.886372 0.833626 -0.658160
0.882215 0.833355 -0.652495
0.878059 0.833099 -0.646830
0.873903 0.832857 -0.641165
0.869747 0.832629 -0.635500
0.865591 0.832416 -0.629835
0.861435 0.832218 -0.624170
0.857279 0.832034 -0.618505
0.853123 0.831865 -0.612840
0.848967 0.831710 -0.607175
0.844811 0.831570 -0.601510
0.840654 0.831445 -0.595845
0.836498 0.831334 -0.590180
0.832342 0.831237 -0.584516
0.828186 0.831156 -0.578851
0.824030 0.831089 -0.573186
0.819874 0.831036 -0.567521
0.815718 0.830998 -0.561856
0.811562 0.830975 -0.556191
0.807406 0.830966 -0.550526
0.803250 0.830972 -0.544861
0.799093 0.830993 -0.539196
0.794937 0.831028 -0.533531
0.790781 0.831078 -0.527866
0.786625 0.831142 -0.522201
0.782469 0.831221 -0.516536
0.778313 0.831315 -0.510871
0.774157 0.831423 -0.505206
0.770001 0.831546 -0.499542
0.765845 0.831683 -0.493877
0.761688 0.831835 -0.488212
0.757532 0.832002 -0.482547
0.753376 0.832183 -0.476882
0.749220 0.832378 -0.471217
0.745064 0.832589 -0.465552
0.740908 0.832813 -0.459887
0.736752 0.833053 -0.454222
0.963008 0.870411 -0.711363
0.959470 0.870091 -0.706730
0.955933 0.869780 -0.702097
0.952396 0.869478 -0.697464
0.948859 0.869185 -0.692831
0.945322 0.868901 -0.688198
0.941785 0.868627 -0.683565
0.938247 0.868362 -0.678931
0.934710 0.868106 -0.674298
0.931173 0.867860 -0.669665
0.927636 0.867623 -0.665032
0.924099 0.867395 -0.660399
0.920561 0.867177 -0.655766
0.917024 0.866967 -0.651133
0.913487 0.866767 -0.646500
0.909950 0.866577 -0.641867
0.906413 0.866396 -0.637234
0.902876 0.866224 -0.632601
0.899338 0.866061 -0.627968
0.895801 0.865908 -0.623335
0.892264 0.865764 -0.618702
0.888727 0.865630 -0.614069
0.885190 0.865505 -0.609436
0.881653 0.865389 -0.604803
0.878115 0.865283 -0.600170
0.874578 0.865186 -0.595537
0.871041 0.865098 -0.590904
0.867504 0.865020 -0.586271
0.863967 0.864951 -0.581638
0.860430 0.864892 -0.577004
0.856892 0.864842 -0.572371
0.853355 0.864801 -0.567738
0.849818 0.864770 -0.563105
0.846281 0.864748 -0.558472
0.842744 0.864735 -0.553839
0.839207 0.864732 -0.549206
0.835669 0.864739 -0.544573
0.832132 0.864754 -0.539940
0.828595 0.864779 -0.535307
0.825058 0.864814 -0.530674
0.821521 0.864858 -0.526041
0.817983 0.864911 -0.521408
0.814446 0.864974 -0.516775
0.810909 0.865046 -0.512142
0.807372 0.865127 -0.507509
0.803835 0.865218 -0.502876
0.800298 0.865318 -0.498243
0.796760 0.865428 -0.493610
0.793223 0.865547 -0.488977
0.789686 0.865675 -0.484344
0.786149 0.865813 -0.479711
0.978238 0.902225 -0.683160
0.975417 0.902028 -0.679603
0.972595 0.901838 -0.676047
0.969774 0.901652 -0.672490
0.966953 0.901472 -0.668934
0.964131 0.901297 -0.665377
0.961310 0.901127 -0.661821
0.958489 0.900963 -0.658264
0.955667 0.900804 -0.654707
0.952846 0.900650 -0.651151
0.950025 0.900502 -0.647594
0.947203 0.900358 -0.644038
0.944382 0.900220 -0.640481
0.941561 0.900088 -0.636925
0.938739 0.899960 -0.633368
0.935918 0.899838 -0.629811
0.933097 0.899722 -0.626255
0.930275 0.899610 -0.622698
0.927454 0.899504 -0.619142
0.924633 0.899403 -0.615585
0.921811 0.899308 -0.612029
0.918990 0.899218 -0.608472
0.916169 0.899133 -0.604916
0.913347 0.899053 -0.601359
0.910526 0.898979 -0.597802
0.907705 0.898910 -0.594246
0.904883 0.898847 -0.590689
0.902062 0.898788 -0.587133
0.899241 0.898735 -0.583576
0.896419 0.898688 -0.580020
0.893598 0.898645 -0.576463
0.890776 0.898608 -0.572906
0.887955 0.898577 -0.569350
0.885134 0.898550 -0.565793
0.882312 0.898529 -0.562237
0.879491 0.898514 -0.558680
0.876670 0.898503 -0.555124
0.873848 0.898498 -0.551567
0.871027 0.898499 -0.548010
0.868206 0.898504 -0.544454
0.865384 0.898515 -0.540897
0.862563 0.898532 -0.537341
0.859742 0.898553 -0.533784
0.856920 0.898580 -0.530228
0.854099 0.898613 -0.526671
0.851278 0.898650 -0.523114
0.848456 0.898693 -0.519558
0.845635 0.898741 -0.516001
0.842814 0.898795 -0.512445
0.839992 0.898854 -0.508888
0.837171 0.898918 -0.505332
0.989838 0.934398 -0.652589
0.987837 0.934298 -0.650158
0.985837 0.934200 -0.647728
0.983837 0.934105 -0.645298
0.981836 0.934013 -0.642867
0.979836 0.933922 -0.640437
0.977835 0.933835 -0.638007
0.975835 0.933749 -0.635576
0.973835 0.933666 -0.633146
0.971834 0.933585 -0.630716
0.969834 0.933507 -0.628285
0.967834 0.933431 -0.625855
0.965833 0.933357 -0.623425
0.963833 0.933286 -0.620994
0.961833 0.933217 -0.618564
0.959832 0.933151 -0.616134
0.957832 0.933087 -0.613703
0.955831 0.933026 -0.611273
0.953831 0.932966 -0.608843
0.951831 0.932910 -0.606413
0.949830 0.932855 -0.603982
0.947830 0.932803 -0.601552
0.945830 0.932753 -0.599122
0.943829 0.932706 -0.596691
0.941829 0.932661 -0.594261
0.939829 0.932619 -0.591831
0.937828 0.932579 -0.589400
0.935828 0.932541 -0.586970
0.933827 0.932506 -0.584540
0.931827 0.932473 -0.582109
0.929827 0.932443 -0.579679
0.927826 0.932414 -0.577249
0.925826 0.932389 -0.574818
0.923826 0.932366 -0.572388
0.921825 0.932345 -0.569958
0.919825 0.932326 -0.567527
0.917824 0.932310 -0.565097
0.915824 0.932296 -0.562667
0.913824 0.932285 -0.560237
0.911823 0.932276 -0.557806
0.909823 0.932270 -0.555376
0.907823 0.932266 -0.552946
0.905822 0.932264 -0.550515
0.903822 0.932265 -0.548085
0.901822 0.932268 -0.545655
0.899821 0.932273 -0.543224
0.897821 0.932281 -0.540794
0.895820 0.932291 -0.538364
0.893820 0.932304 -0.535933
0.891820 0.932319 -0.533503
0.889819 0.932337 -0.531073
0.997295 0.966970 -0.619298
0.996231 0.966936 -0.618050
0.995167 0.966903 -0.616803
0.994103 0.966871 -0.615555
0.993039 0.966839 -0.614308
0.991975 0.966808 -0.613060
0.990911 0.966778 -0.611813
0.989847 0.966748 -0.610565
0.988783 0.966719 -0.609318
0.987719 0.966690 -0.608070
0.986655 0.966662 -0.606823
0.985591 0.966634 -0.605575
0.984527 0.966608 -0.604328
0.983463 0.966581 -0.603080
0.982399 0.966556 -0.601833
0.981335 0.966531 -0.600585
0.980271 0.966506 -0.599338
0.979207 0.966483 -0.598090
0.978143 0.966459 -0.596843
0.977079 0.966437 -0.595595
0.976015 0.966415 -0.594348
0.974951 0.966393 -0.593100
0.973887 0.966373 -0.591853
0.972823 0.966353 -0.590605
0.971759 0.966333 -0.589358
0.970695 0.966314 -0.588110
0.969631 0.966296 -0.586863
0.968567 0.966278 -0.585615
0.967503 0.966261 -0.584368
0.966439 0.966244 -0.583120
0.965375 0.966229 -0.581873
0.964311 0.966213 -0.580625
0.963247 0.966199 -0.579378
0.962183 0.966185 -0.578130
0.961119 0.966171 -0.576883
0.960055 0.966158 -0.575635
0.958991 0.966146 -0.574388
0.957927 0.966135 -0.573140
0.956863 0.966124 -0.571893
0.955799 0.966113 -0.570645
0.954735 0.966103 -0.569398
0.953671 0.966094 -0.568150
0.952607 0.966086 -0.566903
0.951543 0.966078 -0.565655
0.950479 0.966070 -0.564408
0.949415 0.966064 -0.563160
0.948351 0.966057 -0.561913
0.947287 0.966052 -0.560665
0.946223 0.966047 -0.559418
0.945159 0.966043 -0.558170
0.944095 0.966039 -0.556923
0.999956 0.999999 -0.582822
0.999957 0.999999 -0.582823
0.999958 0.999999 -0.582824
0.999959 0.999999 -0.582825
0.999960 0.999999 -0.582826
0.999960 0.999999 -0.582827
0.999961 0.999999 -0.582828
0.999962 0.999999 -0.582829
0.999963 0.999999 -0.582830
0.999964 0.999999 -0.582831
0.999965 1.000000 -0.582832
0.999966 1.000000 -0.582833
0.999967 1.000000 -0.582834
0.999967 1.000000 -0.582835
0.999968 1.000000 -0.582836
0.999969 1.000000 -0.582837
0.999970 1.000000 -0.582838
0.999971 1.000000 -0.582839
0.999972 1.000000 -0.582840
0.999973 1.000000 -0.582841
0.999974 1.000000 -0.582842
0.999974 1.000000 -0.582843
0.999975 1.000000 -0.582844
0.999976 1.000000 -0.582845
0.999977 1.000000 -0.582846
0.999978 1.000000 -0.582847
0.999979 1.000000 -0.582848
0.999980 1.000000 -0.582849
0.999981 1.000000 -0.582850
0.999982 1.000000 -0.582851
0.999982 1.000000 -0.582852
0.999983 1.000000 -0.582853
0.999984 1.000000 -0.582854
0.999985 1.000000 -0.582855
0.999986 1.000000 -0.582856
0.999987 1.000000 -0.582857
0.999988 1.000000 -0.582858
0.999989 1.000000 -0.582859
0.999989 1.000000 -0.582860
0.999990 1.000000 -0.582861
0.999991 1.000000 -0.582862
0.999992 1.000000 -0.582863
0.999993 1.000000 -0.582864
0.999994 1.000000 -0.582865
0.999995 1.000000 -0.582866
0.999996 1.000000 -0.582867
0.999996 1.000000 -0.582868
0.999997 1.000000 -0.582869
0.999998 1.000000 -0.582870
0.999999 1.000000 -0.582871
1.000000 1.000000 -0.582872
