-0.999956 0.999999 -0.812600
-0.999957 0.999999 -0.812600
-0.999958 0.999999 -0.812600
-0.999959 0.999999 -0.812600
-0.999960 0.999999 -0.812600
-0.999960 0.999999 -0.812600
-0.999961 0.999999 -0.812600
-0.999962 0.999999 -0.812600
-0.999963 0.999999 -0.812600
-0.999964 0.999999 -0.812600
-0.999965 1.000000 -0.812600
-0.999966 1.000000 -0.812600
-0.999967 1.000000 -0.812600
-0.999967 1.000000 -0.812600
-0.999968 1.000000 -0.812600
-0.999969 1.000000 -0.812600
-0.999970 1.000000 -0.812600
-0.999971 1.000000 -0.812600
-0.999972 1.000000 -0.812600
-0.999973 1.000000 -0.812600
-0.999974 1.000000 -0.812600
-0.999974 1.000000 -0.812600
-0.999975 1.000000 -0.812600
-0.999976 1.000000 -0.812600
-0.999977 1.000000 -0.812600
-0.999978 1.000000 -0.812600
-0.999979 1.000000 -0.812600
-0.999980 1.000000 -0.812600
-0.999981 1.000000 -0.812600
-0.999982 1.000000 -0.812600
-0.999982 1.000000 -0.812600
-0.999983 1.000000 -0.812600
-0.999984 1.000000 -0.812600
-0.999985 1.000000 -0.812600
-0.999986 1.000000 -0.812600
-0.999987 1.000000 -0.812600
-0.999988 1.000000 -0.812600
-0.999989 1.000000 -0.812600
-0.999989 1.000000 -0.812600
-0.999990 1.000000 -0.812600
-0.999991 1.000000 -0.812600
-0.999992 1.000000 -0.812600
-0.999993 1.000000 -0.812600
-0.999994 1.000000 -0.812600
-0.999995 1.000000 -0.812600
-0.999996 1.000000 -0.812600
-0.999996 1.000000 -0.812600
-0.999997 1.000000 -0.812600
-0.999998 1.000000 -0.812600
-0.999999 1.000000 -0.812600
-1.000000 1.000000 -0.812600
-0.997295 0.966970 -0.785156
-0.996231 0.966936 -0.785156
-0.995167 0.966903 -0.785156
-0.994103 0.966871 -0.785156
-0.993039 0.966839 -0.785156
-0.991975 0.966808 -0.785156
-0.990911 0.966778 -0.785156
-0.989847 0.966748 -0.785156
-0.988783 0.966719 -0.785156
-0.987719 0.966690 -0.785156
-0.986655 0.966662 -0.785156
-0.985591 0.966634 -0.785156
-0.984527 0.966608 -0.785156
-0.983463 0.966581 -0.785156
-0.982399 0.966556 -0.785156
-0.981335 0.966531 -0.785156
-0.980271 0.966506 -0.785156
-0.979207 0.966483 -0.785156
-0.978143 0.966459 -0.785156
-0.977079 0.966437 -0.785156
-0.976015 0.966415 -0.785156
-0.974951 0.966393 -0.785156
-0.973887 0.966373 -0.785156
-0.972823 0.966353 -0.785156
-0.971759 0.966333 -0.785156
-0.970695 0.966314 -0.785156
-0.969631 0.966296 -0.785156
-0.968567 0.966278 -0.785156
-0.967503 0.966261 -0.785156
-0.966439 0.966244 -0.785156
-0.965375 0.966229 -0.785156
-0.964311 0.966213 -0.785156
-0.963247 0.966199 -0.785156
-0.962183 0.966185 -0.785156
-0.961119 0.966171 -0.785156
-0.960055 0.966158 -0.785156
-0.958991 0.966146 -0.785156
-0.957927 0.966135 -0.785156
-0.956863 0.966124 -0.785156
-0.955799 0.966113 -0.785156
-0.954735 0.966103 -0.785156
-0.953671 0.966094 -0.785156
-0.952607 0.966086 -0.785156
-0.951543 0.966078 -0.785156
-0.950479 0.966070 -0.785156
-0.949415 0.966064 -0.785156
-0.948351 0.966057 -0.785156
-0.947287 0.966052 -0.785156
-0.946223 0.966047 -0.785156
-0.945159 0.966043 -0.785156
-0.944095 0.966039 -0.785156
-0.989838 0.934398 -0.757713
-0.987837 0.934298 -0.757713
-0.985837 0.934200 -0.757713
-0.983837 0.934105 -0.757713
-0.981836 0.934013 -0.757713
-0.979836 0.933922 -0.757713
-0.977835 0.933835 -0.757713
-0.975835 0.933749 -0.757713
-0.973835 0.933666 -0.757713
-0.971834 0.933585 -0.757713
-0.969834 0.933507 -0.757713
-0.967834 0.933431 -0.757713
-0.965833 0.933357 -0.757713
-0.963833 0.933286 -0.757713
-0.961833 0.933217 -0.757713
-0.959832 0.933151 -0.757713
-0.957832 0.933087 -0.757713
-0.955831 0.933026 -0.757713
-0.953831 0.932966 -0.757713
-0.951831 0.932910 -0.757713
-0.949830 0.932855 -0.757713
-0.947830 0.932803 -0.757713
-0.945830 0.932753 -0.757713
-0.943829 0.932706 -0.757713
-0.941829 0.932661 -0.757713
-0.939829 0.932619 -0.757713
-0.937828 0.932579 -0.757713
-0.935828 0.932541 -0.757713
-0.933827 0.932506 -0.757713
-0.931827 0.932473 -0.757713
-0.929827 0.932443 -0.757713
-0.927826 0.932414 -0.757713
-0.925826 0.932389 -0.757713
-0.923826 0.932366 -0.757713
-0.921825 0.932345 -0.757713
-0.919825 0.932326 -0.757713
-0.917824 0.932310 -0.757713
-0.915824 0.932296 -0.757713
-0.913824 0.932285 -0.757713
-0.911823 0.932276 -0.757713
-0.909823 0.932270 -0.757713
-0.907823 0.932266 -0.757713
-0.905822 0.932264 -0.757713
-0.903822 0.932265 -0.757713
-0.901822 0.932268 -0.757713
-0.899821 0.932273 -0.757713
-0.897821 0.932281 -0.757713
-0.895820 0.932291 -0.757713
-0.893820 0.932304 -0.757713
-0.891820 0.932319 -0.757713
-0.889819 0.932337 -0.757713
-0.978238 0.902225 -0.730269
-0.975417 0.902028 -0.730269
-0.972595 0.901838 -0.730269
-0.969774 0.901652 -0.730269
-0.966953 0.901472 -0.730269
-0.964131 0.901297 -0.730269
-0.961310 0.901127 -0.730269
-0.958489 0.900963 -0.730269
-0.955667 0.900804 -0.730269
-0.952846 0.900650 -0.730269
-0.950025 0.900502 -0.730269
-0.947203 0.900358 -0.730269
-0.944382 0.900220 -0.730269
-0.941561 0.900088 -0.730269
-0.938739 0.899960 -0.730269
-0.935918 0.899838 -0.730269
-0.933097 0.899722 -0.730269
-0.930275 0.899610 -0.730269
-0.927454 0.899504 -0.730269
-0.924633 0.899403 -0.730269
-0.921811 0.899308 -0.730269
-0.918990 0.899218 -0.730269
-0.916169 0.899133 -0.730269
-0.913347 0.899053 -0.730269
-0.910526 0.898979 -0.730269
-0.907705 0.898910 -0.730269
-0.904883 0.898847 -0.730269
-0.902062 0.898788 -0.730269
-0.899241 0.898735 -0.730269
-0.896419 0.898688 -0.730269
-0.893598 0.898645 -0.730269
-0.890776 0.898608 -0.730269
-0.887955 0.898577 -0.730269
-0.885134 0.898550 -0.730269
-0.882312 0.898529 -0.730269
-0.879491 0.898514 -0.730269
-0.876670 0.898503 -0.730269
-0.873848 0.898498 -0.730269
-0.871027 0.898499 -0.730269
-0.868206 0.898504 -0.730269
-0.865384 0.898515 -0.730269
-0.862563 0.898532 -0.730269
-0.859742 0.898553 -0.730269
-0.856920 0.898580 -0.730269
-0.854099 0.898613 -0.730269
-0.851278 0.898650 -0.730269
-0.848456 0.898693 -0.730269
-0.845635 0.898741 -0.730269
-0.842814 0.898795 -0.730269
-0.839992 0.898854 -0.730269
-0.837171 0.898918 -0.730269
-0.963008 0.870411 -0.702825
-0.959470 0.870091 -0.702825
-0.955933 0.869780 -0.702825
-0.952396 0.869478 -0.702825
-0.948859 0.869185 -0.702825
-0.945322 0.868901 -0.702825
-0.941785 0.868627 -0.702825
-0.938247 0.868362 -0.702825
-0.934710 0.868106 -0.702825
-0.931173 0.867860 -0.702825
-0.927636 0.867623 -0.702825
-0.924099 0.867395 -0.702825
-0.920561 0.867177 -0.702825
-0.917024 0.866967 -0.702825
-0.913487 0.866767 -0.702825
-0.909950 0.866577 -0.702825
-0.906413 0.866396 -0.702825
-0.902876 0.866224 -0.702825
-0.899338 0.866061 -0.702825
-0.895801 0.865908 -0.702825
-0.892264 0.865764 -0.702825
-0.888727 0.865630 -0.702825
-0.885190 0.865505 -0.702825
-0.881653 0.865389 -0.702825
-0.878115 0.865283 -0.702825
-0.874578 0.865186 -0.702825
-0.871041 0.865098 -0.702825
-0.867504 0.865020 -0.702825
-0.863967 0.864951 -0.702825
-0.860430 0.864892 -0.702825
-0.856892 0.864842 -0.702825
-0.853355 0.864801 -0.702825
-0.849818 0.864770 -0.702825
-0.846281 0.864748 -0.702825
-0.842744 0.864735 -0.702825
-0.839207 0.864732 -0.702825
-0.835669 0.864739 -0.702825
-0.832132 0.864754 -0.702825
-0.828595 0.864779 -0.702825
-0.825058 0.864814 -0.702825
-0.821521 0.864858 -0.702825
-0.817983 0.864911 -0.702825
-0.814446 0.864974 -0.702825
-0.810909 0.865046 -0.702825
-0.807372 0.865127 -0.702825
-0.803835 0.865218 -0.702825
-0.800298 0.865318 -0.702825
-0.796760 0.865428 -0.702825
-0.793223 0.865547 -0.702825
-0.789686 0.865675 -0.702825
-0.786149 0.865813 -0.702825
-0.944557 0.838931 -0.675381
-0.940401 0.838459 -0.675381
-0.936245 0.838001 -0.675381
-0.932089 0.837558 -0.675381
-0.927933 0.837129 -0.675381
-0.923776 0.836714 -0.675381
-0.919620 0.836313 -0.675381
-0.915464 0.835927 -0.675381
-0.911308 0.835555 -0.675381
-0.907152 0.835197 -0.675381
-0.902996 0.834854 -0.675381
-0.898840 0.834525 -0.675381
-0.894684 0.834211 -0.675381
-0.890528 0.833911 -0.675381
-0.886372 0.833626 -0.675381
-0.882215 0.833355 -0.675381
-0.878059 0.833099 -0.675381
-0.873903 0.832857 -0.675381
-0.869747 0.832629 -0.675381
-0.865591 0.832416 -0.675381
-0.861435 0.832218 -0.675381
-0.857279 0.832034 -0.675381
-0.853123 0.831865 -0.675381
-0.848967 0.831710 -0.675381
-0.844811 0.831570 -0.675381
-0.840654 0.831445 -0.675381
-0.836498 0.831334 -0.675381
-0.832342 0.831237 -0.675381
-0.828186 0.831156 -0.675381
-0.824030 0.831089 -0.675381
-0.819874 0.831036 -0.675381
-0.815718 0.830998 -0.675381
-0.811562 0.830975 -0.675381
-0.807406 0.830966 -0.675381
-0.803250 0.830972 -0.675381
-0.799093 0.830993 -0.675381
-0.794937 0.831028 -0.675381
-0.790781 0.831078 -0.675381
-0.786625 0.831142 -0.675381
-0.782469 0.831221 -0.675381
-0.778313 0.831315 -0.675381
-0.774157 0.831423 -0.675381
-0.770001 0.831546 -0.675381
-0.765845 0.831683 -0.675381
-0.761688 0.831835 -0.675381
-0.757532 0.832002 -0.675381
-0.753376 0.832183 -0.675381
-0.749220 0.832378 -0.675381
-0.745064 0.832589 -0.675381
-0.740908 0.832813 -0.675381
-0.736752 0.833053 -0.675381
-0.923226 0.807767 -0.647938
-0.918541 0.807117 -0.647938
-0.913856 0.806488 -0.647938
-0.909171 0.805878 -0.647938
-0.904486 0.805289 -0.647938
-0.899801 0.804720 -0.647938
-0.895116 0.804172 -0.647938
-0.890431 0.803644 -0.647938
-0.885746 0.803137 -0.647938
-0.881061 0.802650 -0.647938
-0.876376 0.802184 -0.647938
-0.871691 0.801739 -0.647938
-0.867006 0.801314 -0.647938
-0.862321 0.800910 -0.647938
-0.857636 0.800527 -0.647938
-0.852951 0.800164 -0.647938
-0.848267 0.799823 -0.647938
-0.843582 0.799502 -0.647938
-0.838897 0.799202 -0.647938
-0.834212 0.798923 -0.647938
-0.829527 0.798664 -0.647938
-0.824842 0.798427 -0.647938
-0.820157 0.798210 -0.647938
-0.815472 0.798015 -0.647938
-0.810787 0.797841 -0.647938
-0.806102 0.797687 -0.647938
-0.801417 0.797554 -0.647938
-0.796732 0.797443 -0.647938
-0.792047 0.797352 -0.647938
-0.787362 0.797283 -0.647938
-0.782677 0.797235 -0.647938
-0.777992 0.797207 -0.647938
-0.773307 0.797201 -0.647938
-0.768622 0.797215 -0.647938
-0.763937 0.797251 -0.647938
-0.759252 0.797308 -0.647938
-0.754567 0.797386 -0.647938
-0.749882 0.797484 -0.647938
-0.745197 0.797604 -0.647938
-0.740513 0.797745 -0.647938
-0.735828 0.797907 -0.647938
-0.731143 0.798089 -0.647938
-0.726458 0.798293 -0.647938
-0.721773 0.798518 -0.647938
-0.717088 0.798763 -0.647938
-0.712403 0.799030 -0.647938
-0.707718 0.799317 -0.647938
-0.703033 0.799625 -0.647938
-0.698348 0.799954 -0.647938
-0.693663 0.800304 -0.647938
-0.688978 0.800675 -0.647938
-0.899300 0.776912 -0.620494
-0.894170 0.776057 -0.620494
-0.889041 0.775230 -0.620494
-0.883911 0.774430 -0.620494
-0.878782 0.773658 -0.620494
-0.873652 0.772913 -0.620494
-0.868523 0.772196 -0.620494
-0.863393 0.771507 -0.620494
-0.858264 0.770845 -0.620494
-0.853134 0.770211 -0.620494
-0.848005 0.769606 -0.620494
-0.842875 0.769028 -0.620494
-0.837746 0.768478 -0.620494
-0.832616 0.767957 -0.620494
-0.827487 0.767464 -0.620494
-0.822357 0.766999 -0.620494
-0.817228 0.766562 -0.620494
-0.812099 0.766154 -0.620494
-0.806969 0.765774 -0.620494
-0.801840 0.765423 -0.620494
-0.796710 0.765100 -0.620494
-0.791581 0.764805 -0.620494
-0.786451 0.764539 -0.620494
-0.781322 0.764302 -0.620494
-0.776192 0.764093 -0.620494
-0.771063 0.763913 -0.620494
-0.765933 0.763762 -0.620494
-0.760804 0.763639 -0.620494
-0.755674 0.763545 -0.620494
-0.750545 0.763480 -0.620494
-0.745415 0.763443 -0.620494
-0.740286 0.763435 -0.620494
-0.735156 0.763456 -0.620494
-0.730027 0.763505 -0.620494
-0.724897 0.763584 -0.620494
-0.719768 0.763691 -0.620494
-0.714638 0.763826 -0.620494
-0.709509 0.763990 -0.620494
-0.704379 0.764183 -0.620494
-0.699250 0.764405 -0.620494
-0.694120 0.764655 -0.620494
-0.688991 0.764933 -0.620494
-0.683861 0.765241 -0.620494
-0.678732 0.765576 -0.620494
-0.673602 0.765941 -0.620494
-0.668473 0.766333 -0.620494
-0.663343 0.766754 -0.620494
-0.658214 0.767204 -0.620494
-0.653084 0.767681 -0.620494
-0.647955 0.768187 -0.620494
-0.642825 0.768721 -0.620494
-0.873024 0.746363 -0.593050
-0.867529 0.745277 -0.593050
-0.862035 0.744226 -0.593050
-0.856540 0.743211 -0.593050
-0.851045 0.742232 -0.593050
-0.845551 0.741289 -0.593050
-0.840056 0.740381 -0.593050
-0.834561 0.739510 -0.593050
-0.829067 0.738675 -0.593050
-0.823572 0.737876 -0.593050
-0.818077 0.737114 -0.593050
-0.812583 0.736389 -0.593050
-0.807088 0.735700 -0.593050
-0.801593 0.735048 -0.593050
-0.796099 0.734433 -0.593050
-0.790604 0.733854 -0.593050
-0.785110 0.733313 -0.593050
-0.779615 0.732809 -0.593050
-0.774120 0.732343 -0.593050
-0.768626 0.731914 -0.593050
-0.763131 0.731522 -0.593050
-0.757636 0.731167 -0.593050
-0.752142 0.730850 -0.593050
-0.746647 0.730571 -0.593050
-0.741152 0.730329 -0.593050
-0.735658 0.730125 -0.593050
-0.730163 0.729958 -0.593050
-0.724668 0.729829 -0.593050
-0.719174 0.729738 -0.593050
-0.713679 0.729684 -0.593050
-0.708184 0.729669 -0.593050
-0.702690 0.729691 -0.593050
-0.697195 0.729750 -0.593050
-0.691700 0.729848 -0.593050
-0.686206 0.729983 -0.593050
-0.680711 0.730156 -0.593050
-0.675216 0.730366 -0.593050
-0.669722 0.730615 -0.593050
-0.664227 0.730900 -0.593050
-0.658732 0.731223 -0.593050
-0.653238 0.731584 -0.593050
-0.647743 0.731982 -0.593050
-0.642249 0.732418 -0.593050
-0.636754 0.732891 -0.593050
-0.631259 0.733401 -0.593050
-0.625765 0.733948 -0.593050
-0.620270 0.734532 -0.593050
-0.614775 0.735154 -0.593050
-0.609281 0.735812 -0.593050
-0.603786 0.736507 -0.593050
-0.598291 0.737238 -0.593050
-0.844611 0.716124 -0.565606
-0.838826 0.714779 -0.565606
-0.833042 0.713479 -0.565606
-0.827257 0.712224 -0.565606
-0.821472 0.711014 -0.565606
-0.815687 0.709849 -0.565606
-0.809903 0.708729 -0.565606
-0.804118 0.707655 -0.565606
-0.798333 0.706627 -0.565606
-0.792548 0.705644 -0.565606
-0.786764 0.704708 -0.565606
-0.780979 0.703819 -0.565606
-0.775194 0.702976 -0.565606
-0.769409 0.702180 -0.565606
-0.763625 0.701431 -0.565606
-0.757840 0.700728 -0.565606
-0.752055 0.700073 -0.565606
-0.746270 0.699466 -0.565606
-0.740485 0.698906 -0.565606
-0.734701 0.698393 -0.565606
-0.728916 0.697928 -0.565606
-0.723131 0.697511 -0.565606
-0.717346 0.697142 -0.565606
-0.711562 0.696821 -0.565606
-0.705777 0.696548 -0.565606
-0.699992 0.696323 -0.565606
-0.694207 0.696146 -0.565606
-0.688423 0.696017 -0.565606
-0.682638 0.695936 -0.565606
-0.676853 0.695903 -0.565606
-0.671068 0.695919 -0.565606
-0.665284 0.695983 -0.565606
-0.659499 0.696095 -0.565606
-0.653714 0.696256 -0.565606
-0.647929 0.696464 -0.565606
-0.642144 0.696721 -0.565606
-0.636360 0.697025 -0.565606
-0.630575 0.697378 -0.565606
-0.624790 0.697778 -0.565606
-0.619005 0.698226 -0.565606
-0.613221 0.698722 -0.565606
-0.607436 0.699266 -0.565606
-0.601651 0.699857 -0.565606
-0.595866 0.700496 -0.565606
-0.590082 0.701181 -0.565606
-0.584297 0.701914 -0.565606
-0.578512 0.702694 -0.565606
-0.572727 0.703521 -0.565606
-0.566943 0.704394 -0.565606
-0.561158 0.705314 -0.565606
-0.555373 0.706280 -0.565606
-0.814249 0.686207 -0.538162
-0.808246 0.684575 -0.538162
-0.802242 0.682998 -0.538162
-0.796239 0.681476 -0.538162
-0.790235 0.680010 -0.538162
-0.784231 0.678599 -0.538162
-0.778228 0.677243 -0.538162
-0.772224 0.675945 -0.538162
-0.766220 0.674703 -0.538162
-0.760217 0.673518 -0.538162
-0.754213 0.672390 -0.538162
-0.748209 0.671320 -0.538162
-0.742206 0.670307 -0.538162
-0.736202 0.669353 -0.538162
-0.730198 0.668457 -0.538162
-0.724195 0.667619 -0.538162
-0.718191 0.666841 -0.538162
-0.712187 0.666121 -0.538162
-0.706184 0.665461 -0.538162
-0.700180 0.664860 -0.538162
-0.694176 0.664319 -0.538162
-0.688173 0.663837 -0.538162
-0.682169 0.663415 -0.538162
-0.676166 0.663053 -0.538162
-0.670162 0.662751 -0.538162
-0.664158 0.662509 -0.538162
-0.658155 0.662328 -0.538162
-0.652151 0.662206 -0.538162
-0.646147 0.662145 -0.538162
-0.640144 0.662144 -0.538162
-0.634140 0.662203 -0.538162
-0.628136 0.662323 -0.538162
-0.622133 0.662503 -0.538162
-0.616129 0.662743 -0.538162
-0.610125 0.663043 -0.538162
-0.604122 0.663403 -0.538162
-0.598118 0.663823 -0.538162
-0.592114 0.664303 -0.538162
-0.586111 0.664843 -0.538162
-0.580107 0.665442 -0.538162
-0.574103 0.666101 -0.538162
-0.568100 0.666819 -0.538162
-0.562096 0.667595 -0.538162
-0.556093 0.668431 -0.538162
-0.550089 0.669325 -0.538162
-0.544085 0.670278 -0.538162
-0.538082 0.671288 -0.538162
-0.532078 0.672357 -0.538162
-0.526074 0.673483 -0.538162
-0.520071 0.674666 -0.538162
-0.514067 0.675907 -0.538162
-0.782106 0.656628 -0.510719
-0.775951 0.654680 -0.510719
-0.769797 0.652797 -0.510719
-0.763642 0.650981 -0.510719
-0.757487 0.649231 -0.510719
-0.751332 0.647549 -0.510719
-0.745178 0.645934 -0.510719
-0.739023 0.644388 -0.510719
-0.732868 0.642910 -0.510719
-0.726713 0.641502 -0.510719
-0.720559 0.640163 -0.510719
-0.714404 0.638894 -0.510719
-0.708249 0.637696 -0.510719
-0.702094 0.636568 -0.510719
-0.695940 0.635512 -0.510719
-0.689785 0.634528 -0.510719
-0.683630 0.633616 -0.510719
-0.677475 0.632776 -0.510719
-0.671321 0.632008 -0.510719
-0.665166 0.631313 -0.510719
-0.659011 0.630692 -0.510719
-0.652856 0.630144 -0.510719
-0.646702 0.629669 -0.510719
-0.640547 0.629268 -0.510719
-0.634392 0.628940 -0.510719
-0.628237 0.628687 -0.510719
-0.622083 0.628508 -0.510719
-0.615928 0.628402 -0.510719
-0.609773 0.628371 -0.510719
-0.603618 0.628414 -0.510719
-0.597464 0.628531 -0.510719
-0.591309 0.628722 -0.510719
-0.585154 0.628988 -0.510719
-0.578999 0.629327 -0.510719
-0.572845 0.629739 -0.510719
-0.566690 0.630226 -0.510719
-0.560535 0.630786 -0.510719
-0.554380 0.631419 -0.510719
-0.548226 0.632125 -0.510719
-0.542071 0.632904 -0.510719
-0.535916 0.633756 -0.510719
-0.529761 0.634680 -0.510719
-0.523607 0.635676 -0.510719
-0.517452 0.636743 -0.510719
-0.511297 0.637882 -0.510719
-0.505142 0.639091 -0.510719
-0.498988 0.640371 -0.510719
-0.492833 0.641721 -0.510719
-0.486678 0.643141 -0.510719
-0.480523 0.644629 -0.510719
-0.474369 0.646187 -0.510719
-0.748332 0.627411 -0.483275
-0.742091 0.625115 -0.483275
-0.735850 0.622897 -0.483275
-0.729609 0.620757 -0.483275
-0.723368 0.618697 -0.483275
-0.717126 0.616716 -0.483275
-0.710885 0.614815 -0.483275
-0.704644 0.612996 -0.483275
-0.698403 0.611259 -0.483275
-0.692162 0.609605 -0.483275
-0.685920 0.608035 -0.483275
-0.679679 0.606548 -0.483275
-0.673438 0.605147 -0.483275
-0.667197 0.603830 -0.483275
-0.660956 0.602600 -0.483275
-0.654714 0.601456 -0.483275
-0.648473 0.600398 -0.483275
-0.642232 0.599429 -0.483275
-0.635991 0.598547 -0.483275
-0.629750 0.597753 -0.483275
-0.623509 0.597048 -0.483275
-0.617267 0.596431 -0.483275
-0.611026 0.595904 -0.483275
-0.604785 0.595466 -0.483275
-0.598544 0.595118 -0.483275
-0.592303 0.594859 -0.483275
-0.586061 0.594690 -0.483275
-0.579820 0.594612 -0.483275
-0.573579 0.594623 -0.483275
-0.567338 0.594724 -0.483275
-0.561097 0.594915 -0.483275
-0.554856 0.595195 -0.483275
-0.548614 0.595566 -0.483275
-0.542373 0.596026 -0.483275
-0.536132 0.596575 -0.483275
-0.529891 0.597214 -0.483275
-0.523650 0.597941 -0.483275
-0.517408 0.598756 -0.483275
-0.511167 0.599660 -0.483275
-0.504926 0.600651 -0.483275
-0.498685 0.601730 -0.483275
-0.492444 0.602895 -0.483275
-0.486203 0.604147 -0.483275
-0.479961 0.605485 -0.483275
-0.473720 0.606907 -0.483275
-0.467479 0.608415 -0.483275
-0.461238 0.610006 -0.483275
-0.454997 0.611681 -0.483275
-0.448755 0.613438 -0.483275
-0.442514 0.615277 -0.483275
-0.436273 0.617197 -0.483275
-0.713065 0.598587 -0.455831
-0.706799 0.595911 -0.455831
-0.700533 0.593325 -0.455831
-0.694267 0.590830 -0.455831
-0.688002 0.588428 -0.455831
-0.681736 0.586119 -0.455831
-0.675470 0.583905 -0.455831
-0.669204 0.581787 -0.455831
-0.662938 0.579766 -0.455831
-0.656672 0.577842 -0.455831
-0.650407 0.576017 -0.455831
-0.644141 0.574292 -0.455831
-0.637875 0.572667 -0.455831
-0.631609 0.571144 -0.455831
-0.625343 0.569723 -0.455831
-0.619077 0.568405 -0.455831
-0.612812 0.567192 -0.455831
-0.606546 0.566082 -0.455831
-0.600280 0.565078 -0.455831
-0.594014 0.564179 -0.455831
-0.587748 0.563386 -0.455831
-0.581482 0.562700 -0.455831
-0.575217 0.562121 -0.455831
-0.568951 0.561650 -0.455831
-0.562685 0.561285 -0.455831
-0.556419 0.561029 -0.455831
-0.550153 0.560881 -0.455831
-0.543887 0.560840 -0.455831
-0.537622 0.560908 -0.455831
-0.531356 0.561083 -0.455831
-0.525090 0.561367 -0.455831
-0.518824 0.561758 -0.455831
-0.512558 0.562257 -0.455831
-0.506292 0.562863 -0.455831
-0.500027 0.563576 -0.455831
-0.493761 0.564396 -0.455831
-0.487495 0.565321 -0.455831
-0.481229 0.566352 -0.455831
-0.474963 0.567488 -0.455831
-0.468697 0.568728 -0.455831
-0.462432 0.570072 -0.455831
-0.456166 0.571518 -0.455831
-0.449900 0.573067 -0.455831
-0.443634 0.574717 -0.455831
-0.437368 0.576468 -0.455831
-0.431102 0.578318 -0.455831
-0.424837 0.580266 -0.455831
-0.418571 0.582312 -0.455831
-0.412305 0.584455 -0.455831
-0.406039 0.586693 -0.455831
-0.399773 0.589025 -0.455831
-0.676430 0.570196 -0.428387
-0.670198 0.567105 -0.428387
-0.663967 0.564117 -0.428387
-0.657736 0.561234 -0.428387
-0.651504 0.558457 -0.428387
-0.645273 0.555789 -0.428387
-0.639042 0.553230 -0.428387
-0.632810 0.550783 -0.428387
-0.626579 0.548449 -0.428387
-0.620347 0.546229 -0.428387
-0.614116 0.544125 -0.428387
-0.607885 0.542137 -0.428387
-0.601653 0.540268 -0.428387
-0.595422 0.538519 -0.428387
-0.589191 0.536890 -0.428387
-0.582959 0.535383 -0.428387
-0.576728 0.533999 -0.428387
-0.570497 0.532738 -0.428387
-0.564265 0.531603 -0.428387
-0.558034 0.530593 -0.428387
-0.551802 0.529709 -0.428387
-0.545571 0.528951 -0.428387
-0.539340 0.528322 -0.428387
-0.533108 0.527820 -0.428387
-0.526877 0.527446 -0.428387
-0.520646 0.527201 -0.428387
-0.514414 0.527084 -0.428387
-0.508183 0.527096 -0.428387
-0.501951 0.527237 -0.428387
-0.495720 0.527506 -0.428387
-0.489489 0.527904 -0.428387
-0.483257 0.528430 -0.428387
-0.477026 0.529084 -0.428387
-0.470795 0.529865 -0.428387
-0.464563 0.530773 -0.428387
-0.458332 0.531807 -0.428387
-0.452101 0.532966 -0.428387
-0.445869 0.534250 -0.428387
-0.439638 0.535657 -0.428387
-0.433406 0.537187 -0.428387
-0.427175 0.538838 -0.428387
-0.420944 0.540611 -0.428387
-0.414712 0.542502 -0.428387
-0.408481 0.544511 -0.428387
-0.402250 0.546638 -0.428387
-0.396018 0.548879 -0.428387
-0.389787 0.551235 -0.428387
-0.383555 0.553703 -0.428387
-0.377324 0.556282 -0.428387
-0.371093 0.558971 -0.428387
-0.364861 0.561768 -0.428387
-0.638543 0.542288 -0.400944
-0.632403 0.538744 -0.400944
-0.626263 0.535317 -0.400944
-0.620122 0.532009 -0.400944
-0.613982 0.528823 -0.400944
-0.607842 0.525760 -0.400944
-0.601701 0.522824 -0.400944
-0.595561 0.520015 -0.400944
-0.589421 0.517337 -0.400944
-0.583280 0.514791 -0.400944
-0.577140 0.512379 -0.400944
-0.571000 0.510103 -0.400944
-0.564859 0.507965 -0.400944
-0.558719 0.505967 -0.400944
-0.552579 0.504110 -0.400944
-0.546438 0.502395 -0.400944
-0.540298 0.500826 -0.400944
-0.534158 0.499402 -0.400944
-0.528017 0.498125 -0.400944
-0.521877 0.496996 -0.400944
-0.515737 0.496016 -0.400944
-0.509596 0.495186 -0.400944
-0.503456 0.494507 -0.400944
-0.497316 0.493979 -0.400944
-0.491176 0.493603 -0.400944
-0.485035 0.493379 -0.400944
-0.478895 0.493308 -0.400944
-0.472755 0.493389 -0.400944
-0.466614 0.493622 -0.400944
-0.460474 0.494008 -0.400944
-0.454334 0.494546 -0.400944
-0.448193 0.495234 -0.400944
-0.442053 0.496074 -0.400944
-0.435913 0.497063 -0.400944
-0.429772 0.498202 -0.400944
-0.423632 0.499489 -0.400944
-0.417492 0.500922 -0.400944
-0.411351 0.502501 -0.400944
-0.405211 0.504224 -0.400944
-0.399071 0.506090 -0.400944
-0.392930 0.508098 -0.400944
-0.386790 0.510245 -0.400944
-0.380650 0.512529 -0.400944
-0.374509 0.514950 -0.400944
-0.368369 0.517504 -0.400944
-0.362229 0.520191 -0.400944
-0.356088 0.523008 -0.400944
-0.349948 0.525953 -0.400944
-0.343808 0.529023 -0.400944
-0.337667 0.532217 -0.400944
-0.331527 0.535533 -0.400944
-0.599516 0.514926 -0.373500
-0.593521 0.510890 -0.373500
-0.587525 0.506984 -0.373500
-0.581530 0.503212 -0.373500
-0.575535 0.499577 -0.373500
-0.569540 0.496082 -0.373500
-0.563545 0.492729 -0.373500
-0.557550 0.489523 -0.373500
-0.551555 0.486466 -0.373500
-0.545559 0.483560 -0.373500
-0.539564 0.480808 -0.373500
-0.533569 0.478213 -0.373500
-0.527574 0.475778 -0.373500
-0.521579 0.473505 -0.373500
-0.515584 0.471397 -0.373500
-0.509588 0.469454 -0.373500
-0.503593 0.467681 -0.373500
-0.497598 0.466078 -0.373500
-0.491603 0.464647 -0.373500
-0.485608 0.463391 -0.373500
-0.479613 0.462310 -0.373500
-0.473617 0.461405 -0.373500
-0.467622 0.460678 -0.373500
-0.461627 0.460129 -0.373500
-0.455632 0.459760 -0.373500
-0.449637 0.459570 -0.373500
-0.443642 0.459559 -0.373500
-0.437647 0.459729 -0.373500
-0.431651 0.460078 -0.373500
-0.425656 0.460606 -0.373500
-0.419661 0.461313 -0.373500
-0.413666 0.462198 -0.373500
-0.407671 0.463259 -0.373500
-0.401676 0.464496 -0.373500
-0.395680 0.465907 -0.373500
-0.389685 0.467490 -0.373500
-0.383690 0.469245 -0.373500
-0.377695 0.471168 -0.373500
-0.371700 0.473258 -0.373500
-0.365705 0.475512 -0.373500
-0.359709 0.477929 -0.373500
-0.353714 0.480506 -0.373500
-0.347719 0.483239 -0.373500
-0.341724 0.486128 -0.373500
-0.335729 0.489168 -0.373500
-0.329734 0.492358 -0.373500
-0.323739 0.495694 -0.373500
-0.317743 0.499173 -0.373500
-0.311748 0.502792 -0.373500
-0.305753 0.506549 -0.373500
-0.299758 0.510439 -0.373500
-0.547909 0.479037 -0.350156
-0.542430 0.475229 -0.350156
-0.536951 0.471557 -0.350156
-0.531472 0.468024 -0.350156
-0.525993 0.464633 -0.350156
-0.520514 0.461388 -0.350156
-0.515035 0.458291 -0.350156
-0.509556 0.455345 -0.350156
-0.504077 0.452554 -0.350156
-0.498598 0.449920 -0.350156
-0.493118 0.447446 -0.350156
-0.487639 0.445134 -0.350156
-0.482160 0.442988 -0.350156
-0.476681 0.441010 -0.350156
-0.471202 0.439201 -0.350156
-0.465723 0.437565 -0.350156
-0.460244 0.436102 -0.350156
-0.454765 0.434815 -0.350156
-0.449286 0.433706 -0.350156
-0.443807 0.432775 -0.350156
-0.438327 0.432024 -0.350156
-0.432848 0.431453 -0.350156
-0.427369 0.431064 -0.350156
-0.421890 0.430857 -0.350156
-0.416411 0.430832 -0.350156
-0.410932 0.430990 -0.350156
-0.405453 0.431329 -0.350156
-0.399974 0.431850 -0.350156
-0.394495 0.432553 -0.350156
-0.389016 0.433435 -0.350156
-0.383537 0.434496 -0.350156
-0.378057 0.435734 -0.350156
-0.372578 0.437149 -0.350156
-0.367099 0.438739 -0.350156
-0.361620 0.440501 -0.350156
-0.356141 0.442433 -0.350156
-0.350662 0.444534 -0.350156
-0.345183 0.446800 -0.350156
-0.339704 0.449231 -0.350156
-0.334225 0.451821 -0.350156
-0.328746 0.454570 -0.350156
-0.323267 0.457474 -0.350156
-0.317787 0.460530 -0.350156
-0.312308 0.463736 -0.350156
-0.306829 0.467087 -0.350156
-0.301350 0.470582 -0.350156
-0.295871 0.474216 -0.350156
-0.290392 0.477987 -0.350156
-0.284913 0.481892 -0.350156
-0.279434 0.485927 -0.350156
-0.273955 0.490089 -0.350156
-0.498520 0.443524 -0.326813
-0.493535 0.439948 -0.326813
-0.488549 0.436514 -0.326813
-0.483564 0.433225 -0.326813
-0.478579 0.430085 -0.326813
-0.473594 0.427096 -0.326813
-0.468609 0.424262 -0.326813
-0.463623 0.421586 -0.326813
-0.458638 0.419071 -0.326813
-0.453653 0.416720 -0.326813
-0.448668 0.414535 -0.326813
-0.443683 0.412520 -0.326813
-0.438697 0.410677 -0.326813
-0.433712 0.409008 -0.326813
-0.428727 0.407516 -0.326813
-0.423742 0.406201 -0.326813
-0.418757 0.405067 -0.326813
-0.413771 0.404114 -0.326813
-0.408786 0.403344 -0.326813
-0.403801 0.402758 -0.326813
-0.398816 0.402356 -0.326813
-0.393831 0.402140 -0.326813
-0.388845 0.402109 -0.326813
-0.383860 0.402264 -0.326813
-0.378875 0.402604 -0.326813
-0.373890 0.403129 -0.326813
-0.368905 0.403838 -0.326813
-0.363919 0.404731 -0.326813
-0.358934 0.405805 -0.326813
-0.353949 0.407060 -0.326813
-0.348964 0.408494 -0.326813
-0.343979 0.410104 -0.326813
-0.338993 0.411890 -0.326813
-0.334008 0.413848 -0.326813
-0.329023 0.415977 -0.326813
-0.324038 0.418273 -0.326813
-0.319053 0.420734 -0.326813
-0.314067 0.423357 -0.326813
-0.309082 0.426139 -0.326813
-0.304097 0.429077 -0.326813
-0.299112 0.432167 -0.326813
-0.294127 0.435408 -0.326813
-0.289141 0.438794 -0.326813
-0.284156 0.442323 -0.326813
-0.279171 0.445991 -0.326813
-0.274186 0.449796 -0.326813
-0.269201 0.453733 -0.326813
-0.264215 0.457799 -0.326813
-0.259230 0.461992 -0.326813
-0.254245 0.466306 -0.326813
-0.249260 0.470739 -0.326813
-0.451317 0.408424 -0.303469
-0.446804 0.405083 -0.303469
-0.442291 0.401892 -0.303469
-0.437777 0.398853 -0.303469
-0.433264 0.395970 -0.303469
-0.428751 0.393246 -0.303469
-0.424238 0.390684 -0.303469
-0.419725 0.388289 -0.303469
-0.415212 0.386062 -0.303469
-0.410698 0.384007 -0.303469
-0.406185 0.382127 -0.303469
-0.401672 0.380424 -0.303469
-0.397159 0.378901 -0.303469
-0.392646 0.377559 -0.303469
-0.388133 0.376401 -0.303469
-0.383619 0.375429 -0.303469
-0.379106 0.374643 -0.303469
-0.374593 0.374046 -0.303469
-0.370080 0.373637 -0.303469
-0.365567 0.373418 -0.303469
-0.361054 0.373389 -0.303469
-0.356540 0.373550 -0.303469
-0.352027 0.373900 -0.303469
-0.347514 0.374440 -0.303469
-0.343001 0.375168 -0.303469
-0.338488 0.376083 -0.303469
-0.333975 0.377184 -0.303469
-0.329461 0.378470 -0.303469
-0.324948 0.379938 -0.303469
-0.320435 0.381586 -0.303469
-0.315922 0.383412 -0.303469
-0.311409 0.385413 -0.303469
-0.306896 0.387588 -0.303469
-0.302382 0.389932 -0.303469
-0.297869 0.392442 -0.303469
-0.293356 0.395117 -0.303469
-0.288843 0.397952 -0.303469
-0.284330 0.400943 -0.303469
-0.279816 0.404088 -0.303469
-0.275303 0.407383 -0.303469
-0.270790 0.410824 -0.303469
-0.266277 0.414408 -0.303469
-0.261764 0.418131 -0.303469
-0.257251 0.421989 -0.303469
-0.252737 0.425979 -0.303469
-0.248224 0.430096 -0.303469
-0.243711 0.434338 -0.303469
-0.239198 0.438701 -0.303469
-0.234685 0.443181 -0.303469
-0.230172 0.447774 -0.303469
-0.225658 0.452477 -0.303469
-0.406263 0.373772 -0.280125
-0.402201 0.370671 -0.280125
-0.398138 0.367728 -0.280125
-0.394076 0.364946 -0.280125
-0.390013 0.362328 -0.280125
-0.385950 0.359879 -0.280125
-0.381888 0.357602 -0.280125
-0.377825 0.355500 -0.280125
-0.373762 0.353577 -0.280125
-0.369700 0.351835 -0.280125
-0.365637 0.350277 -0.280125
-0.361574 0.348905 -0.280125
-0.357512 0.347722 -0.280125
-0.353449 0.346729 -0.280125
-0.349387 0.345929 -0.280125
-0.345324 0.345322 -0.280125
-0.341261 0.344910 -0.280125
-0.337199 0.344693 -0.280125
-0.333136 0.344671 -0.280125
-0.329073 0.344846 -0.280125
-0.325011 0.345215 -0.280125
-0.320948 0.345780 -0.280125
-0.316885 0.346538 -0.280125
-0.312823 0.347489 -0.280125
-0.308760 0.348630 -0.280125
-0.304698 0.349961 -0.280125
-0.300635 0.351479 -0.280125
-0.296572 0.353181 -0.280125
-0.292510 0.355066 -0.280125
-0.288447 0.357129 -0.280125
-0.284384 0.359368 -0.280125
-0.280322 0.361779 -0.280125
-0.276259 0.364360 -0.280125
-0.272197 0.367107 -0.280125
-0.268134 0.370015 -0.280125
-0.264071 0.373082 -0.280125
-0.260009 0.376303 -0.280125
-0.255946 0.379675 -0.280125
-0.251883 0.383192 -0.280125
-0.247821 0.386853 -0.280125
-0.243758 0.390651 -0.280125
-0.239695 0.394584 -0.280125
-0.235633 0.398648 -0.280125
-0.231570 0.402838 -0.280125
-0.227508 0.407150 -0.280125
-0.223445 0.411582 -0.280125
-0.219382 0.416128 -0.280125
-0.215320 0.420785 -0.280125
-0.211257 0.425550 -0.280125
-0.207194 0.430419 -0.280125
-0.203132 0.435389 -0.280125
-0.363313 0.339607 -0.256781
-0.359680 0.336750 -0.256781
-0.356047 0.334061 -0.256781
-0.352414 0.331544 -0.256781
-0.348781 0.329203 -0.256781
-0.345148 0.327042 -0.256781
-0.341515 0.325063 -0.256781
-0.337881 0.323272 -0.256781
-0.334248 0.321670 -0.256781
-0.330615 0.320260 -0.256781
-0.326982 0.319046 -0.256781
-0.323349 0.318028 -0.256781
-0.319716 0.317210 -0.256781
-0.316083 0.316593 -0.256781
-0.312449 0.316178 -0.256781
-0.308816 0.315965 -0.256781
-0.305183 0.315956 -0.256781
-0.301550 0.316150 -0.256781
-0.297917 0.316546 -0.256781
-0.294284 0.317144 -0.256781
-0.290651 0.317944 -0.256781
-0.287018 0.318942 -0.256781
-0.283384 0.320139 -0.256781
-0.279751 0.321530 -0.256781
-0.276118 0.323114 -0.256781
-0.272485 0.324889 -0.256781
-0.268852 0.326850 -0.256781
-0.265219 0.328994 -0.256781
-0.261586 0.331319 -0.256781
-0.257952 0.333819 -0.256781
-0.254319 0.336492 -0.256781
-0.250686 0.339333 -0.256781
-0.247053 0.342339 -0.256781
-0.243420 0.345504 -0.256781
-0.239787 0.348824 -0.256781
-0.236154 0.352295 -0.256781
-0.232521 0.355913 -0.256781
-0.228887 0.359673 -0.256781
-0.225254 0.363570 -0.256781
-0.221621 0.367602 -0.256781
-0.217988 0.371762 -0.256781
-0.214355 0.376046 -0.256781
-0.210722 0.380452 -0.256781
-0.207089 0.384973 -0.256781
-0.203455 0.389607 -0.256781
-0.199822 0.394350 -0.256781
-0.196189 0.399197 -0.256781
-0.192556 0.404144 -0.256781
-0.188923 0.409189 -0.256781
-0.185290 0.414327 -0.256781
-0.181657 0.419556 -0.256781
-0.322410 0.305965 -0.233437
-0.319186 0.303358 -0.233437
-0.315962 0.300931 -0.233437
-0.312737 0.298690 -0.233437
-0.309513 0.296638 -0.233437
-0.306289 0.294779 -0.233437
-0.303065 0.293118 -0.233437
-0.299841 0.291657 -0.233437
-0.296617 0.290399 -0.233437
-0.293393 0.289347 -0.233437
-0.290169 0.288503 -0.233437
-0.286945 0.287870 -0.233437
-0.283721 0.287448 -0.233437
-0.280496 0.287239 -0.233437
-0.277272 0.287242 -0.233437
-0.274048 0.287458 -0.233437
-0.270824 0.287887 -0.233437
-0.267600 0.288527 -0.233437
-0.264376 0.289378 -0.233437
-0.261152 0.290436 -0.233437
-0.257928 0.291701 -0.233437
-0.254704 0.293169 -0.233437
-0.251480 0.294837 -0.233437
-0.248256 0.296702 -0.233437
-0.245031 0.298760 -0.233437
-0.241807 0.301007 -0.233437
-0.238583 0.303440 -0.233437
-0.235359 0.306053 -0.233437
-0.232135 0.308842 -0.233437
-0.228911 0.311802 -0.233437
-0.225687 0.314929 -0.233437
-0.222463 0.318217 -0.233437
-0.219239 0.321662 -0.233437
-0.216015 0.325259 -0.233437
-0.212790 0.329003 -0.233437
-0.209566 0.332888 -0.233437
-0.206342 0.336909 -0.233437
-0.203118 0.341063 -0.233437
-0.199894 0.345344 -0.233437
-0.196670 0.349748 -0.233437
-0.193446 0.354270 -0.233437
-0.190222 0.358905 -0.233437
-0.186998 0.363649 -0.233437
-0.183774 0.368498 -0.233437
-0.180549 0.373448 -0.233437
-0.177325 0.378495 -0.233437
-0.174101 0.383635 -0.233437
-0.170877 0.388865 -0.233437
-0.167653 0.394180 -0.233437
-0.164429 0.399578 -0.233437
-0.161205 0.405055 -0.233437
-0.283482 0.272882 -0.210094
-0.280648 0.270530 -0.210094
-0.277813 0.268375 -0.210094
-0.274978 0.266422 -0.210094
-0.272143 0.264676 -0.210094
-0.269308 0.263139 -0.210094
-0.266473 0.261817 -0.210094
-0.263639 0.260712 -0.210094
-0.260804 0.259828 -0.210094
-0.257969 0.259166 -0.210094
-0.255134 0.258727 -0.210094
-0.252299 0.258514 -0.210094
-0.249465 0.258527 -0.210094
-0.246630 0.258766 -0.210094
-0.243795 0.259230 -0.210094
-0.240960 0.259917 -0.210094
-0.238125 0.260827 -0.210094
-0.235290 0.261957 -0.210094
-0.232456 0.263303 -0.210094
-0.229621 0.264864 -0.210094
-0.226786 0.266634 -0.210094
-0.223951 0.268610 -0.210094
-0.221116 0.270787 -0.210094
-0.218281 0.273161 -0.210094
-0.215447 0.275726 -0.210094
-0.212612 0.278478 -0.210094
-0.209777 0.281410 -0.210094
-0.206942 0.284517 -0.210094
-0.204107 0.287793 -0.210094
-0.201273 0.291234 -0.210094
-0.198438 0.294832 -0.210094
-0.195603 0.298582 -0.210094
-0.192768 0.302479 -0.210094
-0.189933 0.306517 -0.210094
-0.187098 0.310690 -0.210094
-0.184264 0.314994 -0.210094
-0.181429 0.319422 -0.210094
-0.178594 0.323970 -0.210094
-0.175759 0.328633 -0.210094
-0.172924 0.333406 -0.210094
-0.170089 0.338284 -0.210094
-0.167255 0.343263 -0.210094
-0.164420 0.348338 -0.210094
-0.161585 0.353506 -0.210094
-0.158750 0.358762 -0.210094
-0.155915 0.364103 -0.210094
-0.153080 0.369524 -0.210094
-0.150246 0.375023 -0.210094
-0.147411 0.380595 -0.210094
-0.144576 0.386239 -0.210094
-0.141741 0.391950 -0.210094
-0.246445 0.240385 -0.186750
-0.243980 0.238296 -0.186750
-0.241516 0.236425 -0.186750
-0.239051 0.234777 -0.186750
-0.236587 0.233356 -0.186750
-0.234122 0.232168 -0.186750
-0.231658 0.231215 -0.186750
-0.229194 0.230501 -0.186750
-0.226729 0.230027 -0.186750
-0.224265 0.229796 -0.186750
-0.221800 0.229807 -0.186750
-0.219336 0.230062 -0.186750
-0.216871 0.230558 -0.186750
-0.214407 0.231295 -0.186750
-0.211942 0.232271 -0.186750
-0.209478 0.233481 -0.186750
-0.207014 0.234923 -0.186750
-0.204549 0.236593 -0.186750
-0.202085 0.238485 -0.186750
-0.199620 0.240595 -0.186750
-0.197156 0.242916 -0.186750
-0.194691 0.245443 -0.186750
-0.192227 0.248169 -0.186750
-0.189762 0.251089 -0.186750
-0.187298 0.254194 -0.186750
-0.184834 0.257479 -0.186750
-0.182369 0.260937 -0.186750
-0.179905 0.264561 -0.186750
-0.177440 0.268344 -0.186750
-0.174976 0.272279 -0.186750
-0.172511 0.276361 -0.186750
-0.170047 0.280582 -0.186750
-0.167582 0.284937 -0.186750
-0.165118 0.289420 -0.186750
-0.162654 0.294024 -0.186750
-0.160189 0.298744 -0.186750
-0.157725 0.303575 -0.186750
-0.155260 0.308511 -0.186750
-0.152796 0.313547 -0.186750
-0.150331 0.318680 -0.186750
-0.147867 0.323903 -0.186750
-0.145402 0.329213 -0.186750
-0.142938 0.334606 -0.186750
-0.140473 0.340077 -0.186750
-0.138009 0.345624 -0.186750
-0.135545 0.351242 -0.186750
-0.133080 0.356928 -0.186750
-0.130616 0.362679 -0.186750
-0.128151 0.368492 -0.186750
-0.125687 0.374363 -0.186750
-0.123222 0.380291 -0.186750
-0.211190 0.208496 -0.163406
-0.209079 0.206678 -0.163406
-0.206967 0.205105 -0.163406
-0.204855 0.203783 -0.163406
-0.202743 0.202717 -0.163406
-0.200631 0.201911 -0.163406
-0.198519 0.201367 -0.163406
-0.196407 0.201089 -0.163406
-0.194295 0.201077 -0.163406
-0.192183 0.201331 -0.163406
-0.190071 0.201851 -0.163406
-0.187960 0.202633 -0.163406
-0.185848 0.203676 -0.163406
-0.183736 0.204975 -0.163406
-0.181624 0.206526 -0.163406
-0.179512 0.208322 -0.163406
-0.177400 0.210358 -0.163406
-0.175288 0.212626 -0.163406
-0.173176 0.215120 -0.163406
-0.171064 0.217831 -0.163406
-0.168952 0.220751 -0.163406
-0.166840 0.223873 -0.163406
-0.164729 0.227188 -0.163406
-0.162617 0.230687 -0.163406
-0.160505 0.234363 -0.163406
-0.158393 0.238207 -0.163406
-0.156281 0.242211 -0.163406
-0.154169 0.246368 -0.163406
-0.152057 0.250670 -0.163406
-0.149945 0.255109 -0.163406
-0.147833 0.259678 -0.163406
-0.145721 0.264371 -0.163406
-0.143610 0.269182 -0.163406
-0.141498 0.274103 -0.163406
-0.139386 0.279130 -0.163406
-0.137274 0.284256 -0.163406
-0.135162 0.289476 -0.163406
-0.133050 0.294786 -0.163406
-0.130938 0.300181 -0.163406
-0.128826 0.305655 -0.163406
-0.126714 0.311205 -0.163406
-0.124602 0.316827 -0.163406
-0.122490 0.322518 -0.163406
-0.120379 0.328272 -0.163406
-0.118267 0.334088 -0.163406
-0.116155 0.339963 -0.163406
-0.114043 0.345892 -0.163406
-0.111931 0.351873 -0.163406
-0.109819 0.357905 -0.163406
-0.107707 0.363983 -0.163406
-0.105595 0.370107 -0.163406
-0.177591 0.177221 -0.140063
-0.175815 0.175684 -0.140063
-0.174039 0.174430 -0.140063
-0.172263 0.173464 -0.140063
-0.170487 0.172791 -0.140063
-0.168711 0.172414 -0.140063
-0.166935 0.172337 -0.140063
-0.165159 0.172558 -0.140063
-0.163383 0.173077 -0.140063
-0.161607 0.173892 -0.140063
-0.159832 0.174997 -0.140063
-0.158056 0.176389 -0.140063
-0.156280 0.178059 -0.140063
-0.154504 0.180000 -0.140063
-0.152728 0.182204 -0.140063
-0.150952 0.184661 -0.140063
-0.149176 0.187360 -0.140063
-0.147400 0.190293 -0.140063
-0.145624 0.193448 -0.140063
-0.143848 0.196815 -0.140063
-0.142072 0.200382 -0.140063
-0.140297 0.204140 -0.140063
-0.138521 0.208077 -0.140063
-0.136745 0.212185 -0.140063
-0.134969 0.216453 -0.140063
-0.133193 0.220872 -0.140063
-0.131417 0.225433 -0.140063
-0.129641 0.230128 -0.140063
-0.127865 0.234948 -0.140063
-0.126089 0.239887 -0.140063
-0.124313 0.244937 -0.140063
-0.122538 0.250090 -0.140063
-0.120762 0.255342 -0.140063
-0.118986 0.260686 -0.140063
-0.117210 0.266116 -0.140063
-0.115434 0.271628 -0.140063
-0.113658 0.277215 -0.140063
-0.111882 0.282875 -0.140063
-0.110106 0.288603 -0.140063
-0.108330 0.294394 -0.140063
-0.106554 0.300245 -0.140063
-0.104778 0.306153 -0.140063
-0.103003 0.312114 -0.140063
-0.101227 0.318126 -0.140063
-0.099451 0.324185 -0.140063
-0.097675 0.330289 -0.140063
-0.095899 0.336436 -0.140063
-0.094123 0.342622 -0.140063
-0.092347 0.348847 -0.140063
-0.090571 0.355108 -0.140063
-0.088795 0.361404 -0.140063
-0.145489 0.146548 -0.116719
-0.144035 0.145306 -0.116719
-0.142580 0.144398 -0.116719
-0.141125 0.143832 -0.116719
-0.139670 0.143610 -0.116719
-0.138215 0.143736 -0.116719
-0.136760 0.144207 -0.116719
-0.135305 0.145020 -0.116719
-0.133850 0.146171 -0.116719
-0.132395 0.147650 -0.116719
-0.130941 0.149449 -0.116719
-0.129486 0.151555 -0.116719
-0.128031 0.153957 -0.116719
-0.126576 0.156640 -0.116719
-0.125121 0.159590 -0.116719
-0.123666 0.162793 -0.116719
-0.122211 0.166235 -0.116719
-0.120756 0.169900 -0.116719
-0.119301 0.173775 -0.116719
-0.117846 0.177845 -0.116719
-0.116392 0.182099 -0.116719
-0.114937 0.186522 -0.116719
-0.113482 0.191104 -0.116719
-0.112027 0.195834 -0.116719
-0.110572 0.200700 -0.116719
-0.109117 0.205693 -0.116719
-0.107662 0.210805 -0.116719
-0.106207 0.216026 -0.116719
-0.104752 0.221350 -0.116719
-0.103298 0.226768 -0.116719
-0.101843 0.232274 -0.116719
-0.100388 0.237862 -0.116719
-0.098933 0.243527 -0.116719
-0.097478 0.249263 -0.116719
-0.096023 0.255065 -0.116719
-0.094568 0.260929 -0.116719
-0.093113 0.266852 -0.116719
-0.091658 0.272828 -0.116719
-0.090203 0.278855 -0.116719
-0.088749 0.284929 -0.116719
-0.087294 0.291048 -0.116719
-0.085839 0.297208 -0.116719
-0.084384 0.303408 -0.116719
-0.082929 0.309644 -0.116719
-0.081474 0.315915 -0.116719
-0.080019 0.322219 -0.116719
-0.078564 0.328553 -0.116719
-0.077109 0.334917 -0.116719
-0.075655 0.341307 -0.116719
-0.074200 0.347724 -0.116719
-0.072745 0.354165 -0.116719
-0.114703 0.116441 -0.093375
-0.113556 0.115512 -0.093375
-0.112409 0.114997 -0.093375
-0.111262 0.114901 -0.093375
-0.110115 0.115226 -0.093375
-0.108968 0.115968 -0.093375
-0.107821 0.117120 -0.093375
-0.106674 0.118669 -0.093375
-0.105527 0.120599 -0.093375
-0.104380 0.122894 -0.093375
-0.103233 0.125533 -0.093375
-0.102086 0.128495 -0.093375
-0.100939 0.131757 -0.093375
-0.099792 0.135299 -0.093375
-0.098644 0.139099 -0.093375
-0.097497 0.143137 -0.093375
-0.096350 0.147392 -0.093375
-0.095203 0.151847 -0.093375
-0.094056 0.156485 -0.093375
-0.092909 0.161289 -0.093375
-0.091762 0.166246 -0.093375
-0.090615 0.171341 -0.093375
-0.089468 0.176564 -0.093375
-0.088321 0.181903 -0.093375
-0.087174 0.187349 -0.093375
-0.086027 0.192891 -0.093375
-0.084880 0.198522 -0.093375
-0.083733 0.204236 -0.093375
-0.082586 0.210024 -0.093375
-0.081439 0.215881 -0.093375
-0.080292 0.221802 -0.093375
-0.079145 0.227781 -0.093375
-0.077998 0.233814 -0.093375
-0.076851 0.239898 -0.093375
-0.075704 0.246028 -0.093375
-0.074557 0.252200 -0.093375
-0.073410 0.258413 -0.093375
-0.072263 0.264662 -0.093375
-0.071116 0.270946 -0.093375
-0.069969 0.277262 -0.093375
-0.068822 0.283608 -0.093375
-0.067675 0.289982 -0.093375
-0.066528 0.296383 -0.093375
-0.065381 0.302807 -0.093375
-0.064234 0.309255 -0.093375
-0.063087 0.315725 -0.093375
-0.061940 0.322215 -0.093375
-0.060793 0.328723 -0.093375
-0.059646 0.335250 -0.093375
-0.058498 0.341794 -0.093375
-0.057351 0.348354 -0.093375
-0.085016 0.086838 -0.070031
-0.084166 0.086253 -0.070031
-0.083316 0.086215 -0.070031
-0.082466 0.086723 -0.070031
-0.081616 0.087768 -0.070031
-0.080766 0.089331 -0.070031
-0.079915 0.091387 -0.070031
-0.079065 0.093901 -0.070031
-0.078215 0.096840 -0.070031
-0.077365 0.100165 -0.070031
-0.076515 0.103839 -0.070031
-0.075665 0.107827 -0.070031
-0.074814 0.112095 -0.070031
-0.073964 0.116612 -0.070031
-0.073114 0.121351 -0.070031
-0.072264 0.126287 -0.070031
-0.071414 0.131397 -0.070031
-0.070564 0.136662 -0.070031
-0.069713 0.142064 -0.070031
-0.068863 0.147589 -0.070031
-0.068013 0.153223 -0.070031
-0.067163 0.158955 -0.070031
-0.066313 0.164775 -0.070031
-0.065463 0.170673 -0.070031
-0.064612 0.176642 -0.070031
-0.063762 0.182674 -0.070031
-0.062912 0.188764 -0.070031
-0.062062 0.194906 -0.070031
-0.061212 0.201096 -0.070031
-0.060362 0.207329 -0.070031
-0.059512 0.213601 -0.070031
-0.058661 0.219909 -0.070031
-0.057811 0.226251 -0.070031
-0.056961 0.232622 -0.070031
-0.056111 0.239022 -0.070031
-0.055261 0.245447 -0.070031
-0.054411 0.251896 -0.070031
-0.053560 0.258367 -0.070031
-0.052710 0.264859 -0.070031
-0.051860 0.271369 -0.070031
-0.051010 0.277897 -0.070031
-0.050160 0.284441 -0.070031
-0.049310 0.291000 -0.070031
-0.048459 0.297574 -0.070031
-0.047609 0.304161 -0.070031
-0.046759 0.310760 -0.070031
-0.045909 0.317372 -0.070031
-0.045059 0.323994 -0.070031
-0.044209 0.330626 -0.070031
-0.043358 0.337268 -0.070031
-0.042508 0.343920 -0.070031
-0.056186 0.057646 -0.046687
-0.055625 0.057477 -0.046687
-0.055063 0.058111 -0.046687
-0.054501 0.059525 -0.046687
-0.053939 0.061663 -0.046687
-0.053377 0.064455 -0.046687
-0.052815 0.067818 -0.046687
-0.052253 0.071674 -0.046687
-0.051692 0.075947 -0.046687
-0.051130 0.080571 -0.046687
-0.050568 0.085488 -0.046687
-0.050006 0.090651 -0.046687
-0.049444 0.096021 -0.046687
-0.048882 0.101564 -0.046687
-0.048320 0.107254 -0.046687
-0.047759 0.113068 -0.046687
-0.047197 0.118989 -0.046687
-0.046635 0.125001 -0.046687
-0.046073 0.131092 -0.046687
-0.045511 0.137251 -0.046687
-0.044949 0.143469 -0.046687
-0.044387 0.149739 -0.046687
-0.043825 0.156055 -0.046687
-0.043264 0.162411 -0.046687
-0.042702 0.168803 -0.046687
-0.042140 0.175227 -0.046687
-0.041578 0.181680 -0.046687
-0.041016 0.188158 -0.046687
-0.040454 0.194659 -0.046687
-0.039892 0.201181 -0.046687
-0.039331 0.207722 -0.046687
-0.038769 0.214280 -0.046687
-0.038207 0.220853 -0.046687
-0.037645 0.227441 -0.046687
-0.037083 0.234042 -0.046687
-0.036521 0.240655 -0.046687
-0.035959 0.247278 -0.046687
-0.035397 0.253912 -0.046687
-0.034836 0.260556 -0.046687
-0.034274 0.267208 -0.046687
-0.033712 0.273868 -0.046687
-0.033150 0.280535 -0.046687
-0.032588 0.287210 -0.046687
-0.032026 0.293890 -0.046687
-0.031464 0.300577 -0.046687
-0.030903 0.307270 -0.046687
-0.030341 0.313968 -0.046687
-0.029779 0.320671 -0.046687
-0.029217 0.327378 -0.046687
-0.028655 0.334090 -0.046687
-0.028093 0.340806 -0.046687
-0.027944 0.028747 -0.023344
-0.027664 0.029255 -0.023344
-0.027385 0.031261 -0.023344
-0.027106 0.034504 -0.023344
-0.026826 0.038675 -0.023344
-0.026547 0.043507 -0.023344
-0.026267 0.048804 -0.023344
-0.025988 0.054432 -0.023344
-0.025708 0.060297 -0.023344
-0.025429 0.066336 -0.023344
-0.025149 0.072506 -0.023344
-0.024870 0.078777 -0.023344
-0.024591 0.085125 -0.023344
-0.024311 0.091535 -0.023344
-0.024032 0.097995 -0.023344
-0.023752 0.104496 -0.023344
-0.023473 0.111029 -0.023344
-0.023193 0.117591 -0.023344
-0.022914 0.124176 -0.023344
-0.022635 0.130780 -0.023344
-0.022355 0.137402 -0.023344
-0.022076 0.144039 -0.023344
-0.021796 0.150688 -0.023344
-0.021517 0.157348 -0.023344
-0.021237 0.164018 -0.023344
-0.020958 0.170696 -0.023344
-0.020678 0.177383 -0.023344
-0.020399 0.184076 -0.023344
-0.020120 0.190775 -0.023344
-0.019840 0.197479 -0.023344
-0.019561 0.204189 -0.023344
-0.019281 0.210903 -0.023344
-0.019002 0.217621 -0.023344
-0.018722 0.224342 -0.023344
-0.018443 0.231067 -0.023344
-0.018163 0.237795 -0.023344
-0.017884 0.244526 -0.023344
-0.017605 0.251260 -0.023344
-0.017325 0.257996 -0.023344
-0.017046 0.264734 -0.023344
-0.016766 0.271474 -0.023344
-0.016487 0.278216 -0.023344
-0.016207 0.284960 -0.023344
-0.015928 0.291705 -0.023344
-0.015649 0.298452 -0.023344
-0.015369 0.305201 -0.023344
-0.015090 0.311951 -0.023344
-0.014810 0.318702 -0.023344
-0.014531 0.325454 -0.023344
-0.014251 0.332207 -0.023344
-0.013972 0.338961 -0.023344
0.000000 0.000000 0.000000
0.000000 0.006767 0.000000
0.000000 0.013534 0.000000
0.000000 0.020301 0.000000
0.000000 0.027068 0.000000
0.000000 0.033835 0.000000
0.000000 0.040602 0.000000
0.000000 0.047369 0.000000
0.000000 0.054136 0.000000
0.000000 0.060903 0.000000
0.000000 0.067670 0.000000
0.000000 0.074437 0.000000
0.000000 0.081204 0.000000
0.000000 0.087971 0.000000
0.000000 0.094738 0.000000
0.000000 0.101505 0.000000
0.000000 0.108272 0.000000
0.000000 0.115039 0.000000
0.000000 0.121806 0.000000
0.000000 0.128573 0.000000
0.000000 0.135340 0.000000
0.000000 0.142107 0.000000
0.000000 0.148874 0.000000
0.000000 0.155641 0.000000
0.000000 0.162408 0.000000
0.000000 0.169175 0.000000
0.000000 0.175942 0.000000
0.000000 0.182709 0.000000
0.000000 0.189476 0.000000
0.000000 0.196243 0.000000
0.000000 0.203010 0.000000
0.000000 0.209777 0.000000
0.000000 0.216544 0.000000
0.000000 0.223311 0.000000
0.000000 0.230078 0.000000
0.000000 0.236845 0.000000
0.000000 0.243612 0.000000
0.000000 0.250380 0.000000
0.000000 0.257147 0.000000
0.000000 0.263914 0.000000
0.000000 0.270681 0.000000
0.000000 0.277448 0.000000
0.000000 0.284215 0.000000
0.000000 0.290982 0.000000
0.000000 0.297749 0.000000
0.000000 0.304516 0.000000
0.000000 0.311283 0.000000
0.000000 0.318050 0.000000
0.000000 0.324817 0.000000
0.000000 0.331584 0.000000
0.000000 0.338351 0.000000
0.027944 0.028747 0.023344
0.027664 0.029255 0.023344
0.027385 0.031261 0.023344
0.027106 0.034504 0.023344
0.026826 0.038675 0.023344
0.026547 0.043507 0.023344
0.026267 0.048804 0.023344
0.025988 0.054432 0.023344
0.025708 0.060297 0.023344
0.025429 0.066336 0.023344
0.025149 0.072506 0.023344
0.024870 0.078777 0.023344
0.024591 0.085125 0.023344
0.024311 0.091535 0.023344
0.024032 0.097995 0.023344
0.023752 0.104496 0.023344
0.023473 0.111029 0.023344
0.023193 0.117591 0.023344
0.022914 0.124176 0.023344
0.022635 0.130780 0.023344
0.022355 0.137402 0.023344
0.022076 0.144039 0.023344
0.021796 0.150688 0.023344
0.021517 0.157348 0.023344
0.021237 0.164018 0.023344
0.020958 0.170696 0.023344
0.020678 0.177383 0.023344
0.020399 0.184076 0.023344
0.020120 0.190775 0.023344
0.019840 0.197479 0.023344
0.019561 0.204189 0.023344
0.019281 0.210903 0.023344
0.019002 0.217621 0.023344
0.018722 0.224342 0.023344
0.018443 0.231067 0.023344
0.018163 0.237795 0.023344
0.017884 0.244526 0.023344
0.017605 0.251260 0.023344
0.017325 0.257996 0.023344
0.017046 0.264734 0.023344
0.016766 0.271474 0.023344
0.016487 0.278216 0.023344
0.016207 0.284960 0.023344
0.015928 0.291705 0.023344
0.015649 0.298452 0.023344
0.015369 0.305201 0.023344
0.015090 0.311951 0.023344
0.014810 0.318702 0.023344
0.014531 0.325454 0.023344
0.014251 0.332207 0.023344
0.013972 0.338961 0.023344
0.056186 0.057646 0.046687
0.055625 0.057477 0.046687
0.055063 0.058111 0.046687
0.054501 0.059525 0.046687
0.053939 0.061663 0.046687
0.053377 0.064455 0.046687
0.052815 0.067818 0.046687
0.052253 0.071674 0.046687
0.051692 0.075947 0.046687
0.051130 0.080571 0.046687
0.050568 0.085488 0.046687
0.050006 0.090651 0.046687
0.049444 0.096021 0.046687
0.048882 0.101564 0.046687
0.048320 0.107254 0.046687
0.047759 0.113068 0.046687
0.047197 0.118989 0.046687
0.046635 0.125001 0.046687
0.046073 0.131092 0.046687
0.045511 0.137251 0.046687
0.044949 0.143469 0.046687
0.044387 0.149739 0.046687
0.043825 0.156055 0.046687
0.043264 0.162411 0.046687
0.042702 0.168803 0.046687
0.042140 0.175227 0.046687
0.041578 0.181680 0.046687
0.041016 0.188158 0.046687
0.040454 0.194659 0.046687
0.039892 0.201181 0.046687
0.039331 0.207722 0.046687
0.038769 0.214280 0.046687
0.038207 0.220853 0.046687
0.037645 0.227441 0.046687
0.037083 0.234042 0.046687
0.036521 0.240655 0.046687
0.035959 0.247278 0.046687
0.035397 0.253912 0.046687
0.034836 0.260556 0.046687
0.034274 0.267208 0.046687
0.033712 0.273868 0.046687
0.033150 0.280535 0.046687
0.032588 0.287210 0.046687
0.032026 0.293890 0.046687
0.031464 0.300577 0.046687
0.030903 0.307270 0.046687
0.030341 0.313968 0.046687
0.029779 0.320671 0.046687
0.029217 0.327378 0.046687
0.028655 0.334090 0.046687
0.028093 0.340806 0.046687
0.085016 0.086838 0.070031
0.084166 0.086253 0.070031
0.083316 0.086215 0.070031
0.082466 0.086723 0.070031
0.081616 0.087768 0.070031
0.080766 0.089331 0.070031
0.079915 0.091387 0.070031
0.079065 0.093901 0.070031
0.078215 0.096840 0.070031
0.077365 0.100165 0.070031
0.076515 0.103839 0.070031
0.075665 0.107827 0.070031
0.074814 0.112095 0.070031
0.073964 0.116612 0.070031
0.073114 0.121351 0.070031
0.072264 0.126287 0.070031
0.071414 0.131397 0.070031
0.070564 0.136662 0.070031
0.069713 0.142064 0.070031
0.068863 0.147589 0.070031
0.068013 0.153223 0.070031
0.067163 0.158955 0.070031
0.066313 0.164775 0.070031
0.065463 0.170673 0.070031
0.064612 0.176642 0.070031
0.063762 0.182674 0.070031
0.062912 0.188764 0.070031
0.062062 0.194906 0.070031
0.061212 0.201096 0.070031
0.060362 0.207329 0.070031
0.059512 0.213601 0.070031
0.058661 0.219909 0.070031
0.057811 0.226251 0.070031
0.056961 0.232622 0.070031
0.056111 0.239022 0.070031
0.055261 0.245447 0.070031
0.054411 0.251896 0.070031
0.053560 0.258367 0.070031
0.052710 0.264859 0.070031
0.051860 0.271369 0.070031
0.051010 0.277897 0.070031
0.050160 0.284441 0.070031
0.049310 0.291000 0.070031
0.048459 0.297574 0.070031
0.047609 0.304161 0.070031
0.046759 0.310760 0.070031
0.045909 0.317372 0.070031
0.045059 0.323994 0.070031
0.044209 0.330626 0.070031
0.043358 0.337268 0.070031
0.042508 0.343920 0.070031
0.114703 0.116441 0.093375
0.113556 0.115512 0.093375
0.112409 0.114997 0.093375
0.111262 0.114901 0.093375
0.110115 0.115226 0.093375
0.108968 0.115968 0.093375
0.107821 0.117120 0.093375
0.106674 0.118669 0.093375
0.105527 0.120599 0.093375
0.104380 0.122894 0.093375
0.103233 0.125533 0.093375
0.102086 0.128495 0.093375
0.100939 0.131757 0.093375
0.099792 0.135299 0.093375
0.098644 0.139099 0.093375
0.097497 0.143137 0.093375
0.096350 0.147392 0.093375
0.095203 0.151847 0.093375
0.094056 0.156485 0.093375
0.092909 0.161289 0.093375
0.091762 0.166246 0.093375
0.090615 0.171341 0.093375
0.089468 0.176564 0.093375
0.088321 0.181903 0.093375
0.087174 0.187349 0.093375
0.086027 0.192891 0.093375
0.084880 0.198522 0.093375
0.083733 0.204236 0.093375
0.082586 0.210024 0.093375
0.081439 0.215881 0.093375
0.080292 0.221802 0.093375
0.079145 0.227781 0.093375
0.077998 0.233814 0.093375
0.076851 0.239898 0.093375
0.075704 0.246028 0.093375
0.074557 0.252200 0.093375
0.073410 0.258413 0.093375
0.072263 0.264662 0.093375
0.071116 0.270946 0.093375
0.069969 0.277262 0.093375
0.068822 0.283608 0.093375
0.067675 0.289982 0.093375
0.066528 0.296383 0.093375
0.065381 0.302807 0.093375
0.064234 0.309255 0.093375
0.063087 0.315725 0.093375
0.061940 0.322215 0.093375
0.060793 0.328723 0.093375
0.059646 0.335250 0.093375
0.058498 0.341794 0.093375
0.057351 0.348354 0.093375
0.145489 0.146548 0.116719
0.144035 0.145306 0.116719
0.142580 0.144398 0.116719
0.141125 0.143832 0.116719
0.139670 0.143610 0.116719
0.138215 0.143736 0.116719
0.136760 0.144207 0.116719
0.135305 0.145020 0.116719
0.133850 0.146171 0.116719
0.132395 0.147650 0.116719
0.130941 0.149449 0.116719
0.129486 0.151555 0.116719
0.128031 0.153957 0.116719
0.126576 0.156640 0.116719
0.125121 0.159590 0.116719
0.123666 0.162793 0.116719
0.122211 0.166235 0.116719
0.120756 0.169900 0.116719
0.119301 0.173775 0.116719
0.117846 0.177845 0.116719
0.116392 0.182099 0.116719
0.114937 0.186522 0.116719
0.113482 0.191104 0.116719
0.112027 0.195834 0.116719
0.110572 0.200700 0.116719
0.109117 0.205693 0.116719
0.107662 0.210805 0.116719
0.106207 0.216026 0.116719
0.104752 0.221350 0.116719
0.103298 0.226768 0.116719
0.101843 0.232274 0.116719
0.100388 0.237862 0.116719
0.098933 0.243527 0.116719
0.097478 0.249263 0.116719
0.096023 0.255065 0.116719
0.094568 0.260929 0.116719
0.093113 0.266852 0.116719
0.091658 0.272828 0.116719
0.090203 0.278855 0.116719
0.088749 0.284929 0.116719
0.087294 0.291048 0.116719
0.085839 0.297208 0.116719
0.084384 0.303408 0.116719
0.082929 0.309644 0.116719
0.081474 0.315915 0.116719
0.080019 0.322219 0.116719
0.078564 0.328553 0.116719
0.077109 0.334917 0.116719
0.075655 0.341307 0.116719
0.074200 0.347724 0.116719
0.072745 0.354165 0.116719
0.177591 0.177221 0.140063
0.175815 0.175684 0.140063
0.174039 0.174430 0.140063
0.172263 0.173464 0.140063
0.170487 0.172791 0.140063
0.168711 0.172414 0.140063
0.166935 0.172337 0.140063
0.165159 0.172558 0.140063
0.163383 0.173077 0.140063
0.161607 0.173892 0.140063
0.159832 0.174997 0.140063
0.158056 0.176389 0.140063
0.156280 0.178059 0.140063
0.154504 0.180000 0.140063
0.152728 0.182204 0.140063
0.150952 0.184661 0.140063
0.149176 0.187360 0.140063
0.147400 0.190293 0.140063
0.145624 0.193448 0.140063
0.143848 0.196815 0.140063
0.142072 0.200382 0.140063
0.140297 0.204140 0.140063
0.138521 0.208077 0.140063
0.136745 0.212185 0.140063
0.134969 0.216453 0.140063
0.133193 0.220872 0.140063
0.131417 0.225433 0.140063
0.129641 0.230128 0.140063
0.127865 0.234948 0.140063
0.126089 0.239887 0.140063
0.124313 0.244937 0.140063
0.122538 0.250090 0.140063
0.120762 0.255342 0.140063
0.118986 0.260686 0.140063
0.117210 0.266116 0.140063
0.115434 0.271628 0.140063
0.113658 0.277215 0.140063
0.111882 0.282875 0.140063
0.110106 0.288603 0.140063
0.108330 0.294394 0.140063
0.106554 0.300245 0.140063
0.104778 0.306153 0.140063
0.103003 0.312114 0.140063
0.101227 0.318126 0.140063
0.099451 0.324185 0.140063
0.097675 0.330289 0.140063
0.095899 0.336436 0.140063
0.094123 0.342622 0.140063
0.092347 0.348847 0.140063
0.090571 0.355108 0.140063
0.088795 0.361404 0.140063
0.211190 0.208496 0.163406
0.209079 0.206678 0.163406
0.206967 0.205105 0.163406
0.204855 0.203783 0.163406
0.202743 0.202717 0.163406
0.200631 0.201911 0.163406
0.198519 0.201367 0.163406
0.196407 0.201089 0.163406
0.194295 0.201077 0.163406
0.192183 0.201331 0.163406
0.190071 0.201851 0.163406
0.187960 0.202633 0.163406
0.185848 0.203676 0.163406
0.183736 0.204975 0.163406
0.181624 0.206526 0.163406
0.179512 0.208322 0.163406
0.177400 0.210358 0.163406
0.175288 0.212626 0.163406
0.173176 0.215120 0.163406
0.171064 0.217831 0.163406
0.168952 0.220751 0.163406
0.166840 0.223873 0.163406
0.164729 0.227188 0.163406
0.162617 0.230687 0.163406
0.160505 0.234363 0.163406
0.158393 0.238207 0.163406
0.156281 0.242211 0.163406
0.154169 0.246368 0.163406
0.152057 0.250670 0.163406
0.149945 0.255109 0.163406
0.147833 0.259678 0.163406
0.145721 0.264371 0.163406
0.143610 0.269182 0.163406
0.141498 0.274103 0.163406
0.139386 0.279130 0.163406
0.137274 0.284256 0.163406
0.135162 0.289476 0.163406
0.133050 0.294786 0.163406
0.130938 0.300181 0.163406
0.128826 0.305655 0.163406
0.126714 0.311205 0.163406
0.124602 0.316827 0.163406
0.122490 0.322518 0.163406
0.120379 0.328272 0.163406
0.118267 0.334088 0.163406
0.116155 0.339963 0.163406
0.114043 0.345892 0.163406
0.111931 0.351873 0.163406
0.109819 0.357905 0.163406
0.107707 0.363983 0.163406
0.105595 0.370107 0.163406
0.246445 0.240385 0.186750
0.243980 0.238296 0.186750
0.241516 0.236425 0.186750
0.239051 0.234777 0.186750
0.236587 0.233356 0.186750
0.234122 0.232168 0.186750
0.231658 0.231215 0.186750
0.229194 0.230501 0.186750
0.226729 0.230027 0.186750
0.224265 0.229796 0.186750
0.221800 0.229807 0.186750
0.219336 0.230062 0.186750
0.216871 0.230558 0.186750
0.214407 0.231295 0.186750
0.211942 0.232271 0.186750
0.209478 0.233481 0.186750
0.207014 0.234923 0.186750
0.204549 0.236593 0.186750
0.202085 0.238485 0.186750
0.199620 0.240595 0.186750
0.197156 0.242916 0.186750
0.194691 0.245443 0.186750
0.192227 0.248169 0.186750
0.189762 0.251089 0.186750
0.187298 0.254194 0.186750
0.184834 0.257479 0.186750
0.182369 0.260937 0.186750
0.179905 0.264561 0.186750
0.177440 0.268344 0.186750
0.174976 0.272279 0.186750
0.172511 0.276361 0.186750
0.170047 0.280582 0.186750
0.167582 0.284937 0.186750
0.165118 0.289420 0.186750
0.162654 0.294024 0.186750
0.160189 0.298744 0.186750
0.157725 0.303575 0.186750
0.155260 0.308511 0.186750
0.152796 0.313547 0.186750
0.150331 0.318680 0.186750
0.147867 0.323903 0.186750
0.145402 0.329213 0.186750
0.142938 0.334606 0.186750
0.140473 0.340077 0.186750
0.138009 0.345624 0.186750
0.135545 0.351242 0.186750
0.133080 0.356928 0.186750
0.130616 0.362679 0.186750
0.128151 0.368492 0.186750
0.125687 0.374363 0.186750
0.123222 0.380291 0.186750
0.283482 0.272882 0.210094
0.280648 0.270530 0.210094
0.277813 0.268375 0.210094
0.274978 0.266422 0.210094
0.272143 0.264676 0.210094
0.269308 0.263139 0.210094
0.266473 0.261817 0.210094
0.263639 0.260712 0.210094
0.260804 0.259828 0.210094
0.257969 0.259166 0.210094
0.255134 0.258727 0.210094
0.252299 0.258514 0.210094
0.249465 0.258527 0.210094
0.246630 0.258766 0.210094
0.243795 0.259230 0.210094
0.240960 0.259917 0.210094
0.238125 0.260827 0.210094
0.235290 0.261957 0.210094
0.232456 0.263303 0.210094
0.229621 0.264864 0.210094
0.226786 0.266634 0.210094
0.223951 0.268610 0.210094
0.221116 0.270787 0.210094
0.218281 0.273161 0.210094
0.215447 0.275726 0.210094
0.212612 0.278478 0.210094
0.209777 0.281410 0.210094
0.206942 0.284517 0.210094
0.204107 0.287793 0.210094
0.201273 0.291234 0.210094
0.198438 0.294832 0.210094
0.195603 0.298582 0.210094
0.192768 0.302479 0.210094
0.189933 0.306517 0.210094
0.187098 0.310690 0.210094
0.184264 0.314994 0.210094
0.181429 0.319422 0.210094
0.178594 0.323970 0.210094
0.175759 0.328633 0.210094
0.172924 0.333406 0.210094
0.170089 0.338284 0.210094
0.167255 0.343263 0.210094
0.164420 0.348338 0.210094
0.161585 0.353506 0.210094
0.158750 0.358762 0.210094
0.155915 0.364103 0.210094
0.153080 0.369524 0.210094
0.150246 0.375023 0.210094
0.147411 0.380595 0.210094
0.144576 0.386239 0.210094
0.141741 0.391950 0.210094
0.322410 0.305965 0.233437
0.319186 0.303358 0.233437
0.315962 0.300931 0.233437
0.312737 0.298690 0.233437
0.309513 0.296638 0.233437
0.306289 0.294779 0.233437
0.303065 0.293118 0.233437
0.299841 0.291657 0.233437
0.296617 0.290399 0.233437
0.293393 0.289347 0.233437
0.290169 0.288503 0.233437
0.286945 0.287870 0.233437
0.283721 0.287448 0.233437
0.280496 0.287239 0.233437
0.277272 0.287242 0.233437
0.274048 0.287458 0.233437
0.270824 0.287887 0.233437
0.267600 0.288527 0.233437
0.264376 0.289378 0.233437
0.261152 0.290436 0.233437
0.257928 0.291701 0.233437
0.254704 0.293169 0.233437
0.251480 0.294837 0.233437
0.248256 0.296702 0.233437
0.245031 0.298760 0.233437
0.241807 0.301007 0.233437
0.238583 0.303440 0.233437
0.235359 0.306053 0.233437
0.232135 0.308842 0.233437
0.228911 0.311802 0.233437
0.225687 0.314929 0.233437
0.222463 0.318217 0.233437
0.219239 0.321662 0.233437
0.216015 0.325259 0.233437
0.212790 0.329003 0.233437
0.209566 0.332888 0.233437
0.206342 0.336909 0.233437
0.203118 0.341063 0.233437
0.199894 0.345344 0.233437
0.196670 0.349748 0.233437
0.193446 0.354270 0.233437
0.190222 0.358905 0.233437
0.186998 0.363649 0.233437
0.183774 0.368498 0.233437
0.180549 0.373448 0.233437
0.177325 0.378495 0.233437
0.174101 0.383635 0.233437
0.170877 0.388865 0.233437
0.167653 0.394180 0.233437
0.164429 0.399578 0.233437
0.161205 0.405055 0.233437
0.363313 0.339607 0.256781
0.359680 0.336750 0.256781
0.356047 0.334061 0.256781
0.352414 0.331544 0.256781
0.348781 0.329203 0.256781
0.345148 0.327042 0.256781
0.341515 0.325063 0.256781
0.337881 0.323272 0.256781
0.334248 0.321670 0.256781
0.330615 0.320260 0.256781
0.326982 0.319046 0.256781
0.323349 0.318028 0.256781
0.319716 0.317210 0.256781
0.316083 0.316593 0.256781
0.312449 0.316178 0.256781
0.308816 0.315965 0.256781
0.305183 0.315956 0.256781
0.301550 0.316150 0.256781
0.297917 0.316546 0.256781
0.294284 0.317144 0.256781
0.290651 0.317944 0.256781
0.287018 0.318942 0.256781
0.283384 0.320139 0.256781
0.279751 0.321530 0.256781
0.276118 0.323114 0.256781
0.272485 0.324889 0.256781
0.268852 0.326850 0.256781
0.265219 0.328994 0.256781
0.261586 0.331319 0.256781
0.257952 0.333819 0.256781
0.254319 0.336492 0.256781
0.250686 0.339333 0.256781
0.247053 0.342339 0.256781
0.243420 0.345504 0.256781
0.239787 0.348824 0.256781
0.236154 0.352295 0.256781
0.232521 0.355913 0.256781
0.228887 0.359673 0.256781
0.225254 0.363570 0.256781
0.221621 0.367602 0.256781
0.217988 0.371762 0.256781
0.214355 0.376046 0.256781
0.210722 0.380452 0.256781
0.207089 0.384973 0.256781
0.203455 0.389607 0.256781
0.199822 0.394350 0.256781
0.196189 0.399197 0.256781
0.192556 0.404144 0.256781
0.188923 0.409189 0.256781
0.185290 0.414327 0.256781
0.181657 0.419556 0.256781
0.406263 0.373772 0.280125
0.402201 0.370671 0.280125
0.398138 0.367728 0.280125
0.394076 0.364946 0.280125
0.390013 0.362328 0.280125
0.385950 0.359879 0.280125
0.381888 0.357602 0.280125
0.377825 0.355500 0.280125
0.373762 0.353577 0.280125
0.369700 0.351835 0.280125
0.365637 0.350277 0.280125
0.361574 0.348905 0.280125
0.357512 0.347722 0.280125
0.353449 0.346729 0.280125
0.349387 0.345929 0.280125
0.345324 0.345322 0.280125
0.341261 0.344910 0.280125
0.337199 0.344693 0.280125
0.333136 0.344671 0.280125
0.329073 0.344846 0.280125
0.325011 0.345215 0.280125
0.320948 0.345780 0.280125
0.316885 0.346538 0.280125
0.312823 0.347489 0.280125
0.308760 0.348630 0.280125
0.304698 0.349961 0.280125
0.300635 0.351479 0.280125
0.296572 0.353181 0.280125
0.292510 0.355066 0.280125
0.288447 0.357129 0.280125
0.284384 0.359368 0.280125
0.280322 0.361779 0.280125
0.276259 0.364360 0.280125
0.272197 0.367107 0.280125
0.268134 0.370015 0.280125
0.264071 0.373082 0.280125
0.260009 0.376303 0.280125
0.255946 0.379675 0.280125
0.251883 0.383192 0.280125
0.247821 0.386853 0.280125
0.243758 0.390651 0.280125
0.239695 0.394584 0.280125
0.235633 0.398648 0.280125
0.231570 0.402838 0.280125
0.227508 0.407150 0.280125
0.223445 0.411582 0.280125
0.219382 0.416128 0.280125
0.215320 0.420785 0.280125
0.211257 0.425550 0.280125
0.207194 0.430419 0.280125
0.203132 0.435389 0.280125
0.451317 0.408424 0.303469
0.446804 0.405083 0.303469
0.442291 0.401892 0.303469
0.437777 0.398853 0.303469
0.433264 0.395970 0.303469
0.428751 0.393246 0.303469
0.424238 0.390684 0.303469
0.419725 0.388289 0.303469
0.415212 0.386062 0.303469
0.410698 0.384007 0.303469
0.406185 0.382127 0.303469
0.401672 0.380424 0.303469
0.397159 0.378901 0.303469
0.392646 0.377559 0.303469
0.388133 0.376401 0.303469
0.383619 0.375429 0.303469
0.379106 0.374643 0.303469
0.374593 0.374046 0.303469
0.370080 0.373637 0.303469
0.365567 0.373418 0.303469
0.361054 0.373389 0.303469
0.356540 0.373550 0.303469
0.352027 0.373900 0.303469
0.347514 0.374440 0.303469
0.343001 0.375168 0.303469
0.338488 0.376083 0.303469
0.333975 0.377184 0.303469
0.329461 0.378470 0.303469
0.324948 0.379938 0.303469
0.320435 0.381586 0.303469
0.315922 0.383412 0.303469
0.311409 0.385413 0.303469
0.306896 0.387588 0.303469
0.302382 0.389932 0.303469
0.297869 0.392442 0.303469
0.293356 0.395117 0.303469
0.288843 0.397952 0.303469
0.284330 0.400943 0.303469
0.279816 0.404088 0.303469
0.275303 0.407383 0.303469
0.270790 0.410824 0.303469
0.266277 0.414408 0.303469
0.261764 0.418131 0.303469
0.257251 0.421989 0.303469
0.252737 0.425979 0.303469
0.248224 0.430096 0.303469
0.243711 0.434338 0.303469
0.239198 0.438701 0.303469
0.234685 0.443181 0.303469
0.230172 0.447774 0.303469
0.225658 0.452477 0.303469
0.498520 0.443524 0.326813
0.493535 0.439948 0.326813
0.488549 0.436514 0.326813
0.483564 0.433225 0.326813
0.478579 0.430085 0.326813
0.473594 0.427096 0.326813
0.468609 0.424262 0.326813
0.463623 0.421586 0.326813
0.458638 0.419071 0.326813
0.453653 0.416720 0.326813
0.448668 0.414535 0.326813
0.443683 0.412520 0.326813
0.438697 0.410677 0.326813
0.433712 0.409008 0.326813
0.428727 0.407516 0.326813
0.423742 0.406201 0.326813
0.418757 0.405067 0.326813
0.413771 0.404114 0.326813
0.408786 0.403344 0.326813
0.403801 0.402758 0.326813
0.398816 0.402356 0.326813
0.393831 0.402140 0.326813
0.388845 0.402109 0.326813
0.383860 0.402264 0.326813
0.378875 0.402604 0.326813
0.373890 0.403129 0.326813
0.368905 0.403838 0.326813
0.363919 0.404731 0.326813
0.358934 0.405805 0.326813
0.353949 0.407060 0.326813
0.348964 0.408494 0.326813
0.343979 0.410104 0.326813
0.338993 0.411890 0.326813
0.334008 0.413848 0.326813
0.329023 0.415977 0.326813
0.324038 0.418273 0.326813
0.319053 0.420734 0.326813
0.314067 0.423357 0.326813
0.309082 0.426139 0.326813
0.304097 0.429077 0.326813
0.299112 0.432167 0.326813
0.294127 0.435408 0.326813
0.289141 0.438794 0.326813
0.284156 0.442323 0.326813
0.279171 0.445991 0.326813
0.274186 0.449796 0.326813
0.269201 0.453733 0.326813
0.264215 0.457799 0.326813
0.259230 0.461992 0.326813
0.254245 0.466306 0.326813
0.249260 0.470739 0.326813
0.547909 0.479037 0.350156
0.542430 0.475229 0.350156
0.536951 0.471557 0.350156
0.531472 0.468024 0.350156
0.525993 0.464633 0.350156
0.520514 0.461388 0.350156
0.515035 0.458291 0.350156
0.509556 0.455345 0.350156
0.504077 0.452554 0.350156
0.498598 0.449920 0.350156
0.493118 0.447446 0.350156
0.487639 0.445134 0.350156
0.482160 0.442988 0.350156
0.476681 0.441010 0.350156
0.471202 0.439201 0.350156
0.465723 0.437565 0.350156
0.460244 0.436102 0.350156
0.454765 0.434815 0.350156
0.449286 0.433706 0.350156
0.443807 0.432775 0.350156
0.438327 0.432024 0.350156
0.432848 0.431453 0.350156
0.427369 0.431064 0.350156
0.421890 0.430857 0.350156
0.416411 0.430832 0.350156
0.410932 0.430990 0.350156
0.405453 0.431329 0.350156
0.399974 0.431850 0.350156
0.394495 0.432553 0.350156
0.389016 0.433435 0.350156
0.383537 0.434496 0.350156
0.378057 0.435734 0.350156
0.372578 0.437149 0.350156
0.367099 0.438739 0.350156
0.361620 0.440501 0.350156
0.356141 0.442433 0.350156
0.350662 0.444534 0.350156
0.345183 0.446800 0.350156
0.339704 0.449231 0.350156
0.334225 0.451821 0.350156
0.328746 0.454570 0.350156
0.323267 0.457474 0.350156
0.317787 0.460530 0.350156
0.312308 0.463736 0.350156
0.306829 0.467087 0.350156
0.301350 0.470582 0.350156
0.295871 0.474216 0.350156
0.290392 0.477987 0.350156
0.284913 0.481892 0.350156
0.279434 0.485927 0.350156
0.273955 0.490089 0.350156
0.599516 0.514926 0.373500
0.593521 0.510890 0.373500
0.587525 0.506984 0.373500
0.581530 0.503212 0.373500
0.575535 0.499577 0.373500
0.569540 0.496082 0.373500
0.563545 0.492729 0.373500
0.557550 0.489523 0.373500
0.551555 0.486466 0.373500
0.545559 0.483560 0.373500
0.539564 0.480808 0.373500
0.533569 0.478213 0.373500
0.527574 0.475778 0.373500
0.521579 0.473505 0.373500
0.515584 0.471397 0.373500
0.509588 0.469454 0.373500
0.503593 0.467681 0.373500
0.497598 0.466078 0.373500
0.491603 0.464647 0.373500
0.485608 0.463391 0.373500
0.479613 0.462310 0.373500
0.473617 0.461405 0.373500
0.467622 0.460678 0.373500
0.461627 0.460129 0.373500
0.455632 0.459760 0.373500
0.449637 0.459570 0.373500
0.443642 0.459559 0.373500
0.437647 0.459729 0.373500
0.431651 0.460078 0.373500
0.425656 0.460606 0.373500
0.419661 0.461313 0.373500
0.413666 0.462198 0.373500
0.407671 0.463259 0.373500
0.401676 0.464496 0.373500
0.395680 0.465907 0.373500
0.389685 0.467490 0.373500
0.383690 0.469245 0.373500
0.377695 0.471168 0.373500
0.371700 0.473258 0.373500
0.365705 0.475512 0.373500
0.359709 0.477929 0.373500
0.353714 0.480506 0.373500
0.347719 0.483239 0.373500
0.341724 0.486128 0.373500
0.335729 0.489168 0.373500
0.329734 0.492358 0.373500
0.323739 0.495694 0.373500
0.317743 0.499173 0.373500
0.311748 0.502792 0.373500
0.305753 0.506549 0.373500
0.299758 0.510439 0.373500
0.638543 0.542288 0.400944
0.632403 0.538744 0.400944
0.626263 0.535317 0.400944
0.620122 0.532009 0.400944
0.613982 0.528823 0.400944
0.607842 0.525760 0.400944
0.601701 0.522824 0.400944
0.595561 0.520015 0.400944
0.589421 0.517337 0.400944
0.583280 0.514791 0.400944
0.577140 0.512379 0.400944
0.571000 0.510103 0.400944
0.564859 0.507965 0.400944
0.558719 0.505967 0.400944
0.552579 0.504110 0.400944
0.546438 0.502395 0.400944
0.540298 0.500826 0.400944
0.534158 0.499402 0.400944
0.528017 0.498125 0.400944
0.521877 0.496996 0.400944
0.515737 0.496016 0.400944
0.509596 0.495186 0.400944
0.503456 0.494507 0.400944
0.497316 0.493979 0.400944
0.491176 0.493603 0.400944
0.485035 0.493379 0.400944
0.478895 0.493308 0.400944
0.472755 0.493389 0.400944
0.466614 0.493622 0.400944
0.460474 0.494008 0.400944
0.454334 0.494546 0.400944
0.448193 0.495234 0.400944
0.442053 0.496074 0.400944
0.435913 0.497063 0.400944
0.429772 0.498202 0.400944
0.423632 0.499489 0.400944
0.417492 0.500922 0.400944
0.411351 0.502501 0.400944
0.405211 0.504224 0.400944
0.399071 0.506090 0.400944
0.392930 0.508098 0.400944
0.386790 0.510245 0.400944
0.380650 0.512529 0.400944
0.374509 0.514950 0.400944
0.368369 0.517504 0.400944
0.362229 0.520191 0.400944
0.356088 0.523008 0.400944
0.349948 0.525953 0.400944
0.343808 0.529023 0.400944
0.337667 0.532217 0.400944
0.331527 0.535533 0.400944
0.676430 0.570196 0.428387
0.670198 0.567105 0.428387
0.663967 0.564117 0.428387
0.657736 0.561234 0.428387
0.651504 0.558457 0.428387
0.645273 0.555789 0.428387
0.639042 0.553230 0.428387
0.632810 0.550783 0.428387
0.626579 0.548449 0.428387
0.620347 0.546229 0.428387
0.614116 0.544125 0.428387
0.607885 0.542137 0.428387
0.601653 0.540268 0.428387
0.595422 0.538519 0.428387
0.589191 0.536890 0.428387
0.582959 0.535383 0.428387
0.576728 0.533999 0.428387
0.570497 0.532738 0.428387
0.564265 0.531603 0.428387
0.558034 0.530593 0.428387
0.551802 0.529709 0.428387
0.545571 0.528951 0.428387
0.539340 0.528322 0.428387
0.533108 0.527820 0.428387
0.526877 0.527446 0.428387
0.520646 0.527201 0.428387
0.514414 0.527084 0.428387
0.508183 0.527096 0.428387
0.501951 0.527237 0.428387
0.495720 0.527506 0.428387
0.489489 0.527904 0.428387
0.483257 0.528430 0.428387
0.477026 0.529084 0.428387
0.470795 0.529865 0.428387
0.464563 0.530773 0.428387
0.458332 0.531807 0.428387
0.452101 0.532966 0.428387
0.445869 0.534250 0.428387
0.439638 0.535657 0.428387
0.433406 0.537187 0.428387
0.427175 0.538838 0.428387
0.420944 0.540611 0.428387
0.414712 0.542502 0.428387
0.408481 0.544511 0.428387
0.402250 0.546638 0.428387
0.396018 0.548879 0.428387
0.389787 0.551235 0.428387
0.383555 0.553703 0.428387
0.377324 0.556282 0.428387
0.371093 0.558971 0.428387
0.364861 0.561768 0.428387
0.713065 0.598587 0.455831
0.706799 0.595911 0.455831
0.700533 0.593325 0.455831
0.694267 0.590830 0.455831
0.688002 0.588428 0.455831
0.681736 0.586119 0.455831
0.675470 0.583905 0.455831
0.669204 0.581787 0.455831
0.662938 0.579766 0.455831
0.656672 0.577842 0.455831
0.650407 0.576017 0.455831
0.644141 0.574292 0.455831
0.637875 0.572667 0.455831
0.631609 0.571144 0.455831
0.625343 0.569723 0.455831
0.619077 0.568405 0.455831
0.612812 0.567192 0.455831
0.606546 0.566082 0.455831
0.600280 0.565078 0.455831
0.594014 0.564179 0.455831
0.587748 0.563386 0.455831
0.581482 0.562700 0.455831
0.575217 0.562121 0.455831
0.568951 0.561650 0.455831
0.562685 0.561285 0.455831
0.556419 0.561029 0.455831
0.550153 0.560881 0.455831
0.543887 0.560840 0.455831
0.537622 0.560908 0.455831
0.531356 0.561083 0.455831
0.525090 0.561367 0.455831
0.518824 0.561758 0.455831
0.512558 0.562257 0.455831
0.506292 0.562863 0.455831
0.500027 0.563576 0.455831
0.493761 0.564396 0.455831
0.487495 0.565321 0.455831
0.481229 0.566352 0.455831
0.474963 0.567488 0.455831
0.468697 0.568728 0.455831
0.462432 0.570072 0.455831
0.456166 0.571518 0.455831
0.449900 0.573067 0.455831
0.443634 0.574717 0.455831
0.437368 0.576468 0.455831
0.431102 0.578318 0.455831
0.424837 0.580266 0.455831
0.418571 0.582312 0.455831
0.412305 0.584455 0.455831
0.406039 0.586693 0.455831
0.399773 0.589025 0.455831
0.748332 0.627411 0.483275
0.742091 0.625115 0.483275
0.735850 0.622897 0.483275
0.729609 0.620757 0.483275
0.723368 0.618697 0.483275
0.717126 0.616716 0.483275
0.710885 0.614815 0.483275
0.704644 0.612996 0.483275
0.698403 0.611259 0.483275
0.692162 0.609605 0.483275
0.685920 0.608035 0.483275
0.679679 0.606548 0.483275
0.673438 0.605147 0.483275
0.667197 0.603830 0.483275
0.660956 0.602600 0.483275
0.654714 0.601456 0.483275
0.648473 0.600398 0.483275
0.642232 0.599429 0.483275
0.635991 0.598547 0.483275
0.629750 0.597753 0.483275
0.623509 0.597048 0.483275
0.617267 0.596431 0.483275
0.611026 0.595904 0.483275
0.604785 0.595466 0.483275
0.598544 0.595118 0.483275
0.592303 0.594859 0.483275
0.586061 0.594690 0.483275
0.579820 0.594612 0.483275
0.573579 0.594623 0.483275
0.567338 0.594724 0.483275
0.561097 0.594915 0.483275
0.554856 0.595195 0.483275
0.548614 0.595566 0.483275
0.542373 0.596026 0.483275
0.536132 0.596575 0.483275
0.529891 0.597214 0.483275
0.523650 0.597941 0.483275
0.517408 0.598756 0.483275
0.511167 0.599660 0.483275
0.504926 0.600651 0.483275
0.498685 0.601730 0.483275
0.492444 0.602895 0.483275
0.486203 0.604147 0.483275
0.479961 0.605485 0.483275
0.473720 0.606907 0.483275
0.467479 0.608415 0.483275
0.461238 0.610006 0.483275
0.454997 0.611681 0.483275
0.448755 0.613438 0.483275
0.442514 0.615277 0.483275
0.436273 0.617197 0.483275
0.782106 0.656628 0.510719
0.775951 0.654680 0.510719
0.769797 0.652797 0.510719
0.763642 0.650981 0.510719
0.757487 0.649231 0.510719
0.751332 0.647549 0.510719
0.745178 0.645934 0.510719
0.739023 0.644388 0.510719
0.732868 0.642910 0.510719
0.726713 0.641502 0.510719
0.720559 0.640163 0.510719
0.714404 0.638894 0.510719
0.708249 0.637696 0.510719
0.702094 0.636568 0.510719
0.695940 0.635512 0.510719
0.689785 0.634528 0.510719
0.683630 0.633616 0.510719
0.677475 0.632776 0.510719
0.671321 0.632008 0.510719
0.665166 0.631313 0.510719
0.659011 0.630692 0.510719
0.652856 0.630144 0.510719
0.646702 0.629669 0.510719
0.640547 0.629268 0.510719
0.634392 0.628940 0.510719
0.628237 0.628687 0.510719
0.622083 0.628508 0.510719
0.615928 0.628402 0.510719
0.609773 0.628371 0.510719
0.603618 0.628414 0.510719
0.597464 0.628531 0.510719
0.591309 0.628722 0.510719
0.585154 0.628988 0.510719
0.578999 0.629327 0.510719
0.572845 0.629739 0.510719
0.566690 0.630226 0.510719
0.560535 0.630786 0.510719
0.554380 0.631419 0.510719
0.548226 0.632125 0.510719
0.542071 0.632904 0.510719
0.535916 0.633756 0.510719
0.529761 0.634680 0.510719
0.523607 0.635676 0.510719
0.517452 0.636743 0.510719
0.511297 0.637882 0.510719
0.505142 0.639091 0.510719
0.498988 0.640371 0.510719
0.492833 0.641721 0.510719
0.486678 0.643141 0.510719
0.480523 0.644629 0.510719
0.474369 0.646187 0.510719
0.814249 0.686207 0.538162
0.808246 0.684575 0.538162
0.802242 0.682998 0.538162
0.796239 0.681476 0.538162
0.790235 0.680010 0.538162
0.784231 0.678599 0.538162
0.778228 0.677243 0.538162
0.772224 0.675945 0.538162
0.766220 0.674703 0.538162
0.760217 0.673518 0.538162
0.754213 0.672390 0.538162
0.748209 0.671320 0.538162
0.742206 0.670307 0.538162
0.736202 0.669353 0.538162
0.730198 0.668457 0.538162
0.724195 0.667619 0.538162
0.718191 0.666841 0.538162
0.712187 0.666121 0.538162
0.706184 0.665461 0.538162
0.700180 0.664860 0.538162
0.694176 0.664319 0.538162
0.688173 0.663837 0.538162
0.682169 0.663415 0.538162
0.676166 0.663053 0.538162
0.670162 0.662751 0.538162
0.664158 0.662509 0.538162
0.658155 0.662328 0.538162
0.652151 0.662206 0.538162
0.646147 0.662145 0.538162
0.640144 0.662144 0.538162
0.634140 0.662203 0.538162
0.628136 0.662323 0.538162
0.622133 0.662503 0.538162
0.616129 0.662743 0.538162
0.610125 0.663043 0.538162
0.604122 0.663403 0.538162
0.598118 0.663823 0.538162
0.592114 0.664303 0.538162
0.586111 0.664843 0.538162
0.580107 0.665442 0.538162
0.574103 0.666101 0.538162
0.568100 0.666819 0.538162
0.562096 0.667595 0.538162
0.556093 0.668431 0.538162
0.550089 0.669325 0.538162
0.544085 0.670278 0.538162
0.538082 0.671288 0.538162
0.532078 0.672357 0.538162
0.526074 0.673483 0.538162
0.520071 0.674666 0.538162
0.514067 0.675907 0.538162
0.844611 0.716124 0.565606
0.838826 0.714779 0.565606
0.833042 0.713479 0.565606
0.827257 0.712224 0.565606
0.821472 0.711014 0.565606
0.815687 0.709849 0.565606
0.809903 0.708729 0.565606
0.804118 0.707655 0.565606
0.798333 0.706627 0.565606
0.792548 0.705644 0.565606
0.786764 0.704708 0.565606
0.780979 0.703819 0.565606
0.775194 0.702976 0.565606
0.769409 0.702180 0.565606
0.763625 0.701431 0.565606
0.757840 0.700728 0.565606
0.752055 0.700073 0.565606
0.746270 0.699466 0.565606
0.740485 0.698906 0.565606
0.734701 0.698393 0.565606
0.728916 0.697928 0.565606
0.723131 0.697511 0.565606
0.717346 0.697142 0.565606
0.711562 0.696821 0.565606
0.705777 0.696548 0.565606
0.699992 0.696323 0.565606
0.694207 0.696146 0.565606
0.688423 0.696017 0.565606
0.682638 0.695936 0.565606
0.676853 0.695903 0.565606
0.671068 0.695919 0.565606
0.665284 0.695983 0.565606
0.659499 0.696095 0.565606
0.653714 0.696256 0.565606
0.647929 0.696464 0.565606
0.642144 0.696721 0.565606
0.636360 0.697025 0.565606
0.630575 0.697378 0.565606
0.624790 0.697778 0.565606
0.619005 0.698226 0.565606
0.613221 0.698722 0.565606
0.607436 0.699266 0.565606
0.601651 0.699857 0.565606
0.595866 0.700496 0.565606
0.590082 0.701181 0.565606
0.584297 0.701914 0.565606
0.578512 0.702694 0.565606
0.572727 0.703521 0.565606
0.566943 0.704394 0.565606
0.561158 0.705314 0.565606
0.555373 0.706280 0.565606
0.873024 0.746363 0.593050
0.867529 0.745277 0.593050
0.862035 0.744226 0.593050
0.856540 0.743211 0.593050
0.851045 0.742232 0.593050
0.845551 0.741289 0.593050
0.840056 0.740381 0.593050
0.834561 0.739510 0.593050
0.829067 0.738675 0.593050
0.823572 0.737876 0.593050
0.818077 0.737114 0.593050
0.812583 0.736389 0.593050
0.807088 0.735700 0.593050
0.801593 0.735048 0.593050
0.796099 0.734433 0.593050
0.790604 0.733854 0.593050
0.785110 0.733313 0.593050
0.779615 0.732809 0.593050
0.774120 0.732343 0.593050
0.768626 0.731914 0.593050
0.763131 0.731522 0.593050
0.757636 0.731167 0.593050
0.752142 0.730850 0.593050
0.746647 0.730571 0.593050
0.741152 0.730329 0.593050
0.735658 0.730125 0.593050
0.730163 0.729958 0.593050
0.724668 0.729829 0.593050
0.719174 0.729738 0.593050
0.713679 0.729684 0.593050
0.708184 0.729669 0.593050
0.702690 0.729691 0.593050
0.697195 0.729750 0.593050
0.691700 0.729848 0.593050
0.686206 0.729983 0.593050
0.680711 0.730156 0.593050
0.675216 0.730366 0.593050
0.669722 0.730615 0.593050
0.664227 0.730900 0.593050
0.658732 0.731223 0.593050
0.653238 0.731584 0.593050
0.647743 0.731982 0.593050
0.642249 0.732418 0.593050
0.636754 0.732891 0.593050
0.631259 0.733401 0.593050
0.625765 0.733948 0.593050
0.620270 0.734532 0.593050
0.614775 0.735154 0.593050
0.609281 0.735812 0.593050
0.603786 0.736507 0.593050
0.598291 0.737238 0.593050
0.899300 0.776912 0.620494
0.894170 0.776057 0.620494
0.889041 0.775230 0.620494
0.883911 0.774430 0.620494
0.878782 0.773658 0.620494
0.873652 0.772913 0.620494
0.868523 0.772196 0.620494
0.863393 0.771507 0.620494
0.858264 0.770845 0.620494
0.853134 0.770211 0.620494
0.848005 0.769606 0.620494
0.842875 0.769028 0.620494
0.837746 0.768478 0.620494
0.832616 0.767957 0.620494
0.827487 0.767464 0.620494
0.822357 0.766999 0.620494
0.817228 0.766562 0.620494
0.812099 0.766154 0.620494
0.806969 0.765774 0.620494
0.801840 0.765423 0.620494
0.796710 0.765100 0.620494
0.791581 0.764805 0.620494
0.786451 0.764539 0.620494
0.781322 0.764302 0.620494
0.776192 0.764093 0.620494
0.771063 0.763913 0.620494
0.765933 0.763762 0.620494
0.760804 0.763639 0.620494
0.755674 0.763545 0.620494
0.750545 0.763480 0.620494
0.745415 0.763443 0.620494
0.740286 0.763435 0.620494
0.735156 0.763456 0.620494
0.730027 0.763505 0.620494
0.724897 0.763584 0.620494
0.719768 0.763691 0.620494
0.714638 0.763826 0.620494
0.709509 0.763990 0.620494
0.704379 0.764183 0.620494
0.699250 0.764405 0.620494
0.694120 0.764655 0.620494
0.688991 0.764933 0.620494
0.683861 0.765241 0.620494
0.678732 0.765576 0.620494
0.673602 0.765941 0.620494
0.668473 0.766333 0.620494
0.663343 0.766754 0.620494
0.658214 0.767204 0.620494
0.653084 0.767681 0.620494
0.647955 0.768187 0.620494
0.642825 0.768721 0.620494
0.923226 0.807767 0.647938
0.918541 0.807117 0.647938
0.913856 0.806488 0.647938
0.909171 0.805878 0.647938
0.904486 0.805289 0.647938
0.899801 0.804720 0.647938
0.895116 0.804172 0.647938
0.890431 0.803644 0.647938
0.885746 0.803137 0.647938
0.881061 0.802650 0.647938
0.876376 0.802184 0.647938
0.871691 0.801739 0.647938
0.867006 0.801314 0.647938
0.862321 0.800910 0.647938
0.857636 0.800527 0.647938
0.852951 0.800164 0.647938
0.848267 0.799823 0.647938
0.843582 0.799502 0.647938
0.838897 0.799202 0.647938
0.834212 0.798923 0.647938
0.829527 0.798664 0.647938
0.824842 0.798427 0.647938
0.820157 0.798210 0.647938
0.815472 0.798015 0.647938
0.810787 0.797841 0.647938
0.806102 0.797687 0.647938
0.801417 0.797554 0.647938
0.796732 0.797443 0.647938
0.792047 0.797352 0.647938
0.787362 0.797283 0.647938
0.782677 0.797235 0.647938
0.777992 0.797207 0.647938
0.773307 0.797201 0.647938
0.768622 0.797215 0.647938
0.763937 0.797251 0.647938
0.759252 0.797308 0.647938
0.754567 0.797386 0.647938
0.749882 0.797484 0.647938
0.745197 0.797604 0.647938
0.740513 0.797745 0.647938
0.735828 0.797907 0.647938
0.731143 0.798089 0.647938
0.726458 0.798293 0.647938
0.721773 0.798518 0.647938
0.717088 0.798763 0.647938
0.712403 0.799030 0.647938
0.707718 0.799317 0.647938
0.703033 0.799625 0.647938
0.698348 0.799954 0.647938
0.693663 0.800304 0.647938
0.688978 0.800675 0.647938
0.944557 0.838931 0.675381
0.940401 0.838459 0.675381
0.936245 0.838001 0.675381
0.932089 0.837558 0.675381
0.927933 0.837129 0.675381
0.923776 0.836714 0.675381
0.919620 0.836313 0.675381
0.915464 0.835927 0.675381
0.911308 0.835555 0.675381
0.907152 0.835197 0.675381
0.902996 0.834854 0.675381
0.898840 0.834525 0.675381
0.894684 0.834211 0.675381
0.890528 0.833911 0.675381
0.886372 0.833626 0.675381
0.882215 0.833355 0.675381
0.878059 0.833099 0.675381
0.873903 0.832857 0.675381
0.869747 0.832629 0.675381
0.865591 0.832416 0.675381
0.861435 0.832218 0.675381
0.857279 0.832034 0.675381
0.853123 0.831865 0.675381
0.848967 0.831710 0.675381
0.844811 0.831570 0.675381
0.840654 0.831445 0.675381
0.836498 0.831334 0.675381
0.832342 0.831237 0.675381
0.828186 0.831156 0.675381
0.824030 0.831089 0.675381
0.819874 0.831036 0.675381
0.815718 0.830998 0.675381
0.811562 0.830975 0.675381
0.807406 0.830966 0.675381
0.803250 0.830972 0.675381
0.799093 0.830993 0.675381
0.794937 0.831028 0.675381
0.790781 0.831078 0.675381
0.786625 0.831142 0.675381
0.782469 0.831221 0.675381
0.778313 0.831315 0.675381
0.774157 0.831423 0.675381
0.770001 0.831546 0.675381
0.765845 0.831683 0.675381
0.761688 0.831835 0.675381
0.757532 0.832002 0.675381
0.753376 0.832183 0.675381
0.749220 0.832378 0.675381
0.745064 0.832589 0.675381
0.740908 0.832813 0.675381
0.736752 0.833053 0.675381
0.963008 0.870411 0.702825
0.959470 0.870091 0.702825
0.955933 0.869780 0.702825
0.952396 0.869478 0.702825
0.948859 0.869185 0.702825
0.945322 0.868901 0.702825
0.941785 0.868627 0.702825
0.938247 0.868362 0.702825
0.934710 0.868106 0.702825
0.931173 0.867860 0.702825
0.927636 0.867623 0.702825
0.924099 0.867395 0.702825
0.920561 0.867177 0.702825
0.917024 0.866967 0.702825
0.913487 0.866767 0.702825
0.909950 0.866577 0.702825
0.906413 0.866396 0.702825
0.902876 0.866224 0.702825
0.899338 0.866061 0.702825
0.895801 0.865908 0.702825
0.892264 0.865764 0.702825
0.888727 0.865630 0.702825
0.885190 0.865505 0.702825
0.881653 0.865389 0.702825
0.878115 0.865283 0.702825
0.874578 0.865186 0.702825
0.871041 0.865098 0.702825
0.867504 0.865020 0.702825
0.863967 0.864951 0.702825
0.860430 0.864892 0.702825
0.856892 0.864842 0.702825
0.853355 0.864801 0.702825
0.849818 0.864770 0.702825
0.846281 0.864748 0.702825
0.842744 0.864735 0.702825
0.839207 0.864732 0.702825
0.835669 0.864739 0.702825
0.832132 0.864754 0.702825
0.828595 0.864779 0.702825
0.825058 0.864814 0.702825
0.821521 0.864858 0.702825
0.817983 0.864911 0.702825
0.814446 0.864974 0.702825
0.810909 0.865046 0.702825
0.807372 0.865127 0.702825
0.803835 0.865218 0.702825
0.800298 0.865318 0.702825
0.796760 0.865428 0.702825
0.793223 0.865547 0.702825
0.789686 0.865675 0.702825
0.786149 0.865813 0.702825
0.978238 0.902225 0.730269
0.975417 0.902028 0.730269
0.972595 0.901838 0.730269
0.969774 0.901652 0.730269
0.966953 0.901472 0.730269
0.964131 0.901297 0.730269
0.961310 0.901127 0.730269
0.958489 0.900963 0.730269
0.955667 0.900804 0.730269
0.952846 0.900650 0.730269
0.950025 0.900502 0.730269
0.947203 0.900358 0.730269
0.944382 0.900220 0.730269
0.941561 0.900088 0.730269
0.938739 0.899960 0.730269
0.935918 0.899838 0.730269
0.933097 0.899722 0.730269
0.930275 0.899610 0.730269
0.927454 0.899504 0.730269
0.924633 0.899403 0.730269
0.921811 0.899308 0.730269
0.918990 0.899218 0.730269
0.916169 0.899133 0.730269
0.913347 0.899053 0.730269
0.910526 0.898979 0.730269
0.907705 0.898910 0.730269
0.904883 0.898847 0.730269
0.902062 0.898788 0.730269
0.899241 0.898735 0.730269
0.896419 0.898688 0.730269
0.893598 0.898645 0.730269
0.890776 0.898608 0.730269
0.887955 0.898577 0.730269
0.885134 0.898550 0.730269
0.882312 0.898529 0.730269
0.879491 0.898514 0.730269
0.876670 0.898503 0.730269
0.873848 0.898498 0.730269
0.871027 0.898499 0.730269
0.868206 0.898504 0.730269
0.865384 0.898515 0.730269
0.862563 0.898532 0.730269
0.859742 0.898553 0.730269
0.856920 0.898580 0.730269
0.854099 0.898613 0.730269
0.851278 0.898650 0.730269
0.848456 0.898693 0.730269
0.845635 0.898741 0.730269
0.842814 0.898795 0.730269
0.839992 0.898854 0.730269
0.837171 0.898918 0.730269
0.989838 0.934398 0.757713
0.987837 0.934298 0.757713
0.985837 0.934200 0.757713
0.983837 0.934105 0.757713
0.981836 0.934013 0.757713
0.979836 0.933922 0.757713
0.977835 0.933835 0.757713
0.975835 0.933749 0.757713
0.973835 0.933666 0.757713
0.971834 0.933585 0.757713
0.969834 0.933507 0.757713
0.967834 0.933431 0.757713
0.965833 0.933357 0.757713
0.963833 0.933286 0.757713
0.961833 0.933217 0.757713
0.959832 0.933151 0.757713
0.957832 0.933087 0.757713
0.955831 0.933026 0.757713
0.953831 0.932966 0.757713
0.951831 0.932910 0.757713
0.949830 0.932855 0.757713
0.947830 0.932803 0.757713
0.945830 0.932753 0.757713
0.943829 0.932706 0.757713
0.941829 0.932661 0.757713
0.939829 0.932619 0.757713
0.937828 0.932579 0.757713
0.935828 0.932541 0.757713
0.933827 0.932506 0.757713
0.931827 0.932473 0.757713
0.929827 0.932443 0.757713
0.927826 0.932414 0.757713
0.925826 0.932389 0.757713
0.923826 0.932366 0.757713
0.921825 0.932345 0.757713
0.919825 0.932326 0.757713
0.917824 0.932310 0.757713
0.915824 0.932296 0.757713
0.913824 0.932285 0.757713
0.911823 0.932276 0.757713
0.909823 0.932270 0.757713
0.907823 0.932266 0.757713
0.905822 0.932264 0.757713
0.903822 0.932265 0.757713
0.901822 0.932268 0.757713
0.899821 0.932273 0.757713
0.897821 0.932281 0.757713
0.895820 0.932291 0.757713
0.893820 0.932304 0.757713
0.891820 0.932319 0.757713
0.889819 0.932337 0.757713
0.997295 0.966970 0.785156
0.996231 0.966936 0.785156
0.995167 0.966903 0.785156
0.994103 0.966871 0.785156
0.993039 0.966839 0.785156
0.991975 0.966808 0.785156
0.990911 0.966778 0.785156
0.989847 0.966748 0.785156
0.988783 0.966719 0.785156
0.987719 0.966690 0.785156
0.986655 0.966662 0.785156
0.985591 0.966634 0.785156
0.984527 0.966608 0.785156
0.983463 0.966581 0.785156
0.982399 0.966556 0.785156
0.981335 0.966531 0.785156
0.980271 0.966506 0.785156
0.979207 0.966483 0.785156
0.978143 0.966459 0.785156
0.977079 0.966437 0.785156
0.976015 0.966415 0.785156
0.974951 0.966393 0.785156
0.973887 0.966373 0.785156
0.972823 0.966353 0.785156
0.971759 0.966333 0.785156
0.970695 0.966314 0.785156
0.969631 0.966296 0.785156
0.968567 0.966278 0.785156
0.967503 0.966261 0.785156
0.966439 0.966244 0.785156
0.965375 0.966229 0.785156
0.964311 0.966213 0.785156
0.963247 0.966199 0.785156
0.962183 0.966185 0.785156
0.961119 0.966171 0.785156
0.960055 0.966158 0.785156
0.958991 0.966146 0.785156
0.957927 0.966135 0.785156
0.956863 0.966124 0.785156
0.955799 0.966113 0.785156
0.954735 0.966103 0.785156
0.953671 0.966094 0.785156
0.952607 0.966086 0.785156
0.951543 0.966078 0.785156
0.950479 0.966070 0.785156
0.949415 0.966064 0.785156
0.948351 0.966057 0.785156
0.947287 0.966052 0.785156
0.946223 0.966047 0.785156
0.945159 0.966043 0.785156
0.944095 0.966039 0.785156
0.999956 0.999999 0.812600
0.999957 0.999999 0.812600
0.999958 0.999999 0.812600
0.999959 0.999999 0.812600
0.999960 0.999999 0.812600
0.999960 0.999999 0.812600
0.999961 0.999999 0.812600
0.999962 0.999999 0.812600
0.999963 0.999999 0.812600
0.999964 0.999999 0.812600
0.999965 1.000000 0.812600
0.999966 1.000000 0.812600
0.999967 1.000000 0.812600
0.999967 1.000000 0.812600
0.999968 1.000000 0.812600
0.999969 1.000000 0.812600
0.999970 1.000000 0.812600
0.999971 1.000000 0.812600
0.999972 1.000000 0.812600
0.999973 1.000000 0.812600
0.999974 1.000000 0.812600
0.999974 1.000000 0.812600
0.999975 1.000000 0.812600
0.999976 1.000000 0.812600
0.999977 1.000000 0.812600
0.999978 1.000000 0.812600
0.999979 1.000000 0.812600
0.999980 1.000000 0.812600
0.999981 1.000000 0.812600
0.999982 1.000000 0.812600
0.999982 1.000000 0.812600
0.999983 1.000000 0.812600
0.999984 1.000000 0.812600
0.999985 1.000000 0.812600
0.999986 1.000000 0.812600
0.999987 1.000000 0.812600
0.999988 1.000000 0.812600
0.999989 1.000000 0.812600
0.999989 1.000000 0.812600
0.999990 1.000000 0.812600
0.999991 1.000000 0.812600
0.999992 1.000000 0.812600
0.999993 1.000000 0.812600
0.999994 1.000000 0.812600
0.999995 1.000000 0.812600
0.999996 1.000000 0.812600
0.999996 1.000000 0.812600
0.999997 1.000000 0.812600
0.999998 1.000000 0.812600
0.999999 1.000000 0.812600
1.000000 1.000000 0.812600
